15 0.46490490436553955 0.16318930685520172 0.23882581293582916 0.23227964341640472
15 0.46083587408065796 0.25683581829071045 0.25806787610054016 0.255614697933197
15 0.5003086924552917 0.3598625957965851 0.24596790969371796 0.26985374093055725
15 0.30703485012054443 0.26404649019241333 0.15689431130886078 0.31563666462898254
15 0.2531377673149109 0.30423519015312195 0.19565920531749725 0.32475510239601135
15 0.1597989797592163 0.5498644113540649 0.1648421287536621 0.321270614862442
15 0.3729475140571594 0.4464949667453766 0.21993200480937958 0.16762405633926392
15 0.24387891590595245 0.6053909659385681 0.14176714420318604 0.3019424080848694
15 0.31566762924194336 0.6772760152816772 0.12421690672636032 0.3000895082950592
15 0.38226115703582764 0.6507177352905273 0.12190072238445282 0.3114278316497803
15 0.45721277594566345 0.6221886873245239 0.1329403519630432 0.30844688415527344
15 0.5294184684753418 0.5792065858840942 0.14504432678222656 0.32698825001716614
15 0.646198570728302 0.42893534898757935 0.23823074996471405 0.31847822666168213
15 0.6546742916107178 0.6165828108787537 0.21867968142032623 0.34893906116485596
15 0.7595374584197998 0.5286054611206055 0.23774434626102448 0.32534274458885193
15 0.9338568449020386 0.5638623237609863 0.12185826897621155 0.33579352498054504
16 0.15515947341918945 0.6467183828353882 0.06662255525588989 0.11093476414680481
16 0.2833908200263977 0.3985055387020111 0.060228534042835236 0.08311746269464493
16 0.34691616892814636 0.36487212777137756 0.06649570912122726 0.09598914533853531
16 0.3842356204986572 0.15216584503650665 0.07132096588611603 0.09370073676109314
16 0.36663609743118286 0.22696535289287567 0.0898149162530899 0.10727893561124802
16 0.5797553658485413 0.39121711254119873 0.08268848061561584 0.1127837747335434
16 0.44537630677223206 0.43262213468551636 0.08241423219442368 0.09507396817207336
16 0.25662800669670105 0.4886690378189087 0.07573948055505753 0.10480828583240509
16 0.32245883345603943 0.5526480674743652 0.05487122759222984 0.08385512232780457
16 0.3870713710784912 0.5373906493186951 0.06794530153274536 0.10708711296319962
16 0.47823935747146606 0.7178025841712952 0.07758097350597382 0.11063306033611298
16 0.4946483075618744 0.4744492173194885 0.06109112501144409 0.09752201288938522
16 0.5982199311256409 0.5436314940452576 0.06769092381000519 0.09561632573604584
16 0.6879882216453552 0.5061782002449036 0.07619201391935349 0.09982776641845703
16 0.7105293273925781 0.6520431637763977 0.06884421408176422 0.10118777304887772
16 0.9656037092208862 0.67667555809021 0.061763785779476166 0.11510685086250305
