16 0.2744300067424774 0.6792330145835876 0.0820930004119873 0.10648101568222046
16 0.6631940007209778 0.7533069849014282 0.09375 0.13095201551914215
16 0.8545389771461487 0.8597880005836487 0.11235105991363525 0.13095200061798096
16 0.8859130144119263 0.45932501554489136 0.09920597076416016 0.1296299695968628
16 0.6529020071029663 0.23148101568222046 0.10143804550170898 0.10185205936431885
16 0.6680309772491455 0.3444110155105591 0.08854198455810547 0.08631002902984619
16 0.5833330154418945 0.24222898483276367 0.07242095470428467 0.12070095539093018
16 0.430184006690979 0.5858129858970642 0.08506900072097778 0.14649498462677002
16 0.5887899994850159 0.7260249853134155 0.09375 0.1392199993133545
17 0.1401289999485016 0.6188820004463196 0.09176599979400635 0.14384901523590088
17 0.20535700023174286 0.4348539710044861 0.09920600056648254 0.13227498531341553
17 0.2965030074119568 0.5563820004463196 0.0786210298538208 0.09358501434326172
17 0.2803820073604584 0.04199725389480591 0.0895339846611023 0.08399450778961182
17 0.2496280074119568 0.9467589855194092 0.09052598476409912 0.10052900016307831
17 0.421627014875412 0.9775130152702332 0.08531701564788818 0.0443120002746582
17 0.7589290142059326 0.6512899994850159 0.07886898517608643 0.10218298435211182
15 0.45126503705978394 0.34060800075531006 0.3172120153903961 0.24007904529571533
15 0.499752014875412 0.47585999965667725 0.24355202913284302 0.3578040301799774
15 0.3714039921760559 0.6397160291671753 0.3063000440597534 0.22585999965667725
15 0.5462549924850464 0.7589290142059326 0.32564496994018555 0.1567460000514984
15 0.78125 0.47007298469543457 0.30605196952819824 0.1709660291671753
15 0.6238840222358704 0.9049270153045654 0.2695930004119873 0.18948400020599365
15 0.7667409777641296 0.8123350143432617 0.3092759847640991 0.20535698533058167
