16 0.22917336225509644 0.018261712044477463 0.3484551012516022 0.036523424088954926
16 0.5294210314750671 0.0014983447035774589 0.4169989824295044 0.0029966894071549177
16 0.7880962491035461 0.4224662780761719 0.13283245265483856 0.10653688758611679
16 0.7194334268569946 0.17281632125377655 0.12523186206817627 0.10098567605018616
16 0.654170572757721 0.2471221536397934 0.14438074827194214 0.10010574012994766
16 0.57218998670578 0.3245883285999298 0.1144513413310051 0.07974708080291748
16 0.5241401791572571 0.3855547606945038 0.11953742057085037 0.08370436728000641
16 0.6207956671714783 0.5355401039123535 0.13104334473609924 0.10070476680994034
16 0.36007559299468994 0.12817446887493134 0.15692059695720673 0.10755676031112671
16 0.33244314789772034 0.2524363696575165 0.14645326137542725 0.09068826586008072
16 0.4512651562690735 0.2994764447212219 0.11962922662496567 0.08498967438936234
16 0.5711827278137207 0.6382094025611877 0.08703508973121643 0.08976735919713974
16 0.5958119630813599 0.7066776752471924 0.11722854524850845 0.09462014585733414
15 0.5821493268013 0.8161962628364563 0.10520292073488235 0.09436678886413574
15 0.6681602001190186 0.9125385284423828 0.13334429264068604 0.10889449715614319
15 0.24097995460033417 0.10091108083724976 0.3484551012516022 0.2018221616744995
15 0.5473054647445679 0.1266939342021942 0.4169989824295044 0.2533878684043884
15 0.2060396373271942 0.28479593992233276 0.4120792746543884 0.16323372721672058
15 0.2525174915790558 0.356231153011322 0.4842873811721802 0.19982025027275085
15 0.6470876932144165 0.4267524182796478 0.43347737193107605 0.18012160062789917
15 0.34827855229377747 0.5059410333633423 0.44514381885528564 0.15612827241420746
15 0.46222496032714844 0.5849884152412415 0.4363543689250946 0.17717546224594116
15 0.3816685676574707 0.6334794163703918 0.4675484001636505 0.17680516839027405
15 0.38734522461891174 0.7349643707275391 0.5025421380996704 0.16239772737026215
16 0.43085601925849915 0.8427999019622803 0.49269115924835205 0.17337484657764435
