17 0.8648309707641602 0.40773800015449524 0.09375 0.10582000017166138
17 0.8656989932060242 0.5917659997940063 0.09052598476409912 0.10019803047180176
17 0.877232015132904 0.7762899994850159 0.0977180004119873 0.11078000068664551
17 0.7368550300598145 0.7938159704208374 0.09821397066116333 0.11210298538208008
17 0.7248260378837585 0.6092919707298279 0.09052598476409912 0.10747396945953369
17 0.7368550300598145 0.43435800075531006 0.08581298589706421 0.10548901557922363
17 0.5873019695281982 0.46908098459243774 0.09027796983718872 0.10879597067832947
17 0.5925099849700928 0.6433529853820801 0.08630996942520142 0.10548901557922363
17 0.6044149994850159 0.8321760296821594 0.08333301544189453 0.11408698558807373
17 0.4647819697856903 0.8156419992446899 0.07589298486709595 0.10879600048065186
17 0.45969700813293457 0.6124340295791626 0.0815969705581665 0.1097879409790039
17 0.45114099979400635 0.43336600065231323 0.0887899398803711 0.10350501537322998
17 0.296006977558136 0.27810800075531006 0.08705401420593262 0.1044970154762268
17 0.1491820216178894 0.28604501485824585 0.09449398517608643 0.12037001550197601
17 0.3100200295448303 0.4573409855365753 0.08333301544189453 0.11507898569107056
17 0.16083800792694092 0.49355199933052063 0.11135900020599365 0.13855797052383423
17 0.3196920156478882 0.6402119994163513 0.07837295532226562 0.12037003040313721
17 0.32279300689697266 0.8417659997940063 0.08953404426574707 0.12268495559692383
17 0.17447900772094727 0.8764879703521729 0.09846198558807373 0.12136197090148926
17 0.1804320216178894 0.6866729855537415 0.09747004508972168 0.12136197090148926
