15 0.8148980736732483 0.006861360743641853 0.1542804092168808 0.013722721487283707
15 0.6056395173072815 0.0011973410146310925 0.1476353108882904 0.002394682029262185
15 0.42489761114120483 0.02933587320148945 0.11553084850311279 0.0586717464029789
15 0.5894842743873596 0.03721357509493828 0.12497770041227341 0.07442715018987656
16 0.7728418707847595 0.05070492997765541 0.12942516803741455 0.10140985995531082
16 0.8088794350624084 0.6347697973251343 0.3497826159000397 0.6347414255142212
16 0.5883992910385132 0.6394577622413635 0.26400503516197205 0.6610780954360962
16 0.38835108280181885 0.6305498480796814 0.23944403231143951 0.6625592112541199
16 0.21149463951587677 0.4860534369945526 0.2752542793750763 0.5614741444587708
16 0.8701974749565125 0.4629342257976532 0.19979137182235718 0.26631665229797363
16 0.622043251991272 0.4432361423969269 0.1726672500371933 0.26155197620391846
16 0.3605801463127136 0.4142012596130371 0.15415246784687042 0.22975890338420868
16 0.1612182855606079 0.6609444618225098 0.1482120156288147 0.20699580013751984
16 0.19136153161525726 0.8051084280014038 0.15307585895061493 0.2236592173576355
16 0.794184684753418 0.2945656478404999 0.1542804092168808 0.18751059472560883
