17 0.9624670147895813 0.5762649774551392 0.07175898551940918 0.051835060119628906
17 0.763392984867096 0.4598209857940674 0.0902780294418335 0.06894803047180176
17 0.7546299695968628 0.3396579921245575 0.08201098442077637 0.06125998497009277
17 0.5383599996566772 0.17683500051498413 0.09788393974304199 0.06349200010299683
17 0.5383599996566772 0.29489099979400635 0.08597898483276367 0.06051599979400635
17 0.3981480002403259 0.23288699984550476 0.09920597076416016 0.06597201526165009
17 0.2652119994163513 0.17472699284553528 0.10052895545959473 0.06374001502990723
17 0.38888901472091675 0.3482140004634857 0.10648095607757568 0.061507999897003174
17 0.2731480002403259 0.2858380079269409 0.0846560001373291 0.05927598476409912
17 0.5922620296478271 0.5279020071029663 0.0965610146522522 0.06473198533058167
17 0.6856809854507446 0.6200399994850159 0.10218298435211182 0.06150805950164795
17 0.6575730443000793 0.802827000617981 0.10350501537322998 0.0625
17 0.5355490446090698 0.6372770071029663 0.08035701513290405 0.06125998497009277
17 0.40542298555374146 0.5763890147209167 0.09656095504760742 0.06051599979400635
17 0.406745970249176 0.6819199919700623 0.0846560001373291 0.07118093967437744
17 0.2802579998970032 0.7392110228538513 0.09623003005981445 0.08407700061798096
17 0.2744709849357605 0.6292160153388977 0.076058030128479 0.07341301441192627
17 0.21560800075531006 0.5251740217208862 0.09060800075531006 0.06572401523590088
17 0.22850501537322998 0.4129459857940674 0.1078040599822998 0.06993997097015381
17 0.0739089846611023 0.35788699984550476 0.08895504474639893 0.0744050145149231
