16 0.8553732633590698 0.006968638859689236 0.28925350308418274 0.013937277719378471
15 0.9889509677886963 0.3301718831062317 0.022098064422607422 0.15155278146266937
17 0.8865613341331482 0.19529102742671967 0.13321928679943085 0.16972579061985016
17 0.7634587287902832 0.058618444949388504 0.11740516126155853 0.11723688989877701
17 0.6260510087013245 0.004765396472066641 0.1104154959321022 0.009530792944133282
17 0.9493514895439148 0.08322729170322418 0.10129700601100922 0.13176393508911133
17 0.13918437063694 0.03599041700363159 0.12914086878299713 0.07198083400726318
17 0.4160294532775879 0.3242596387863159 0.14775219559669495 0.18082711100578308
17 0.4744732081890106 0.4785274565219879 0.35192930698394775 0.4378375709056854
17 0.8992440700531006 0.5624926686286926 0.12291888147592545 0.15155278146266937
17 0.7676532864570618 0.3924458622932434 0.13321928679943085 0.16972579061985016
17 0.6299479603767395 0.2647310197353363 0.11740516126155853 0.1477455049753189
17 0.5247588157653809 0.10796327888965607 0.1104154959321022 0.13902905583381653
17 0.8180680274963379 0.6569231152534485 0.10876952856779099 0.13821469247341156
17 0.6991989612579346 0.4992510974407196 0.10281654447317123 0.13176393508911133
17 0.5586506128311157 0.3746577501296997 0.1157827377319336 0.14505545794963837
17 0.45469292998313904 0.22126704454421997 0.12052755802869797 0.15346981585025787
17 0.3338010311126709 0.28624555468559265 0.11077728867530823 0.13853439688682556
17 0.24869069457054138 0.10702405869960785 0.12914086878299713 0.16474184393882751
17 0.7489331960678101 0.7699595093727112 0.10982081294059753 0.1392740160226822
17 0.6866572499275208 0.9212971925735474 0.13095979392528534 0.15740565955638885
