16 0.37301599979400635 0.7983629703521729 0.27976202964782715 0.16418695449829102
16 0.5201719999313354 0.9128220081329346 0.14947101473808289 0.09350204467773438
16 0.21891498565673828 0.3603670001029968 0.09060798585414886 0.10714304447174072
16 0.29464301466941833 0.3599950075149536 0.0886240005493164 0.09846198558807373
16 0.3969910144805908 0.3756200075149536 0.11210298538208008 0.08953404426574707
16 0.37301599979400635 0.26041701436042786 0.11706298589706421 0.09127002954483032
16 0.6989089846611023 0.3091520071029663 0.13789701461791992 0.10739099979400635
16 0.28339898586273193 0.022692978382110596 0.08333301544189453 0.04489099979400635
16 0.8386240005493164 0.04873499274253845 0.1567460298538208 0.0969739556312561
16 0.20601899921894073 0.6675350069999695 0.06084701418876648 0.04489099979400635
15 0.24388200044631958 0.29427099227905273 0.1471560001373291 0.22792696952819824
15 0.30472901463508606 0.4768109917640686 0.13657398521900177 0.33358097076416016
15 0.4813160002231598 0.5350940227508545 0.2893519997596741 0.4119539260864258
15 0.6712960004806519 0.9325397610664368 0.4404759705066681 0.13492047786712646
15 0.5810189843177795 0.7503719925880432 0.6765869855880737 0.23586297035217285
15 0.8177909851074219 0.5075640082359314 0.3584660291671753 0.4769350290298462
15 0.8763229846954346 0.2626489996910095 0.24735403060913086 0.5168650150299072
15 0.5405089855194092 0.15191000699996948 0.4460979700088501 0.30332303047180176
15 0.4146829843521118 0.0974699854850769 0.2943119704723358 0.18948400020599365
15 0.3528439998626709 0.18439999222755432 0.3306879997253418 0.24330395460128784
