15 0.21660101413726807 0.825892984867096 0.1250000149011612 0.26091301441192627
15 0.32076698541641235 0.8252730369567871 0.13492101430892944 0.2576879858970642
15 0.4322090148925781 0.8312249779701233 0.14219596982002258 0.2651289999485016
15 0.5378640294075012 0.8307290077209473 0.12070098519325256 0.2621529996395111
15 0.6499670147895813 0.8301090002059937 0.13789701461791992 0.26091301441192627
15 0.12235400080680847 0.5584080219268799 0.12632298469543457 0.256695955991745
15 0.2352840006351471 0.585440993309021 0.11078000068664551 0.2502479553222656
15 0.3358129858970642 0.5843249559402466 0.10813498497009277 0.26736098527908325
15 0.44874298572540283 0.5778770446777344 0.12632298469543457 0.2524799704551697
15 0.5535709857940674 0.5849449634552002 0.11507901549339294 0.25123995542526245
15 0.660053014755249 0.5875500440597534 0.10648095607757568 0.2524799704551697
15 0.7628970146179199 0.5838289856910706 0.12235403060913086 0.25545597076416016
15 0.10433200001716614 0.3000990152359009 0.14252600073814392 0.27926599979400635
15 0.22073400020599365 0.2969989776611328 0.11342598497867584 0.2686009407043457
15 0.33730199933052063 0.31361597776412964 0.12235397100448608 0.26314496994018555
15 0.4566799998283386 0.31473201513290405 0.1164020299911499 0.2653770446777344
15 0.5709329843521118 0.3201879858970642 0.09490704536437988 0.28025805950164795
15 0.6686509847640991 0.3293650150299072 0.09193098545074463 0.25545597076416016
15 0.7792659997940063 0.32291698455810547 0.11210298538208008 0.2663689851760864
15 0.8943449854850769 0.28125 0.12665295600891113 0.23511898517608643
16 0.21147498488426208 0.9057539701461792 0.08366398513317108 0.1056550070643425
16 0.31431901454925537 0.9120780229568481 0.08763200044631958 0.08854199945926666
16 0.43435800075531006 0.9169149994850159 0.08035701513290405 0.08730199933052063
16 0.5342260003089905 0.9056299924850464 0.0902780294418335 0.10342300683259964
16 0.6392199993133545 0.9083579778671265 0.08796298503875732 0.09796600043773651
16 0.7657080292701721 0.6619539856910706 0.08763206005096436 0.1056550145149231
16 0.6693120002746582 0.6667909622192383 0.0846560001373291 0.0895339846611023
16 0.5593580007553101 0.6695190072059631 0.10085999965667725 0.09052598476409912
16 0.4494050145149231 0.6701390147209167 0.0965610146522522 0.0744050145149231
16 0.3330030143260956 0.6577379703521729 0.09325402975082397 0.08630996942520142
16 0.22007299959659576 0.6614580154418945 0.09226199984550476 0.07886898517608643
16 0.1159060001373291 0.6387649774551392 0.09358500689268112 0.08754998445510864
16 0.12665300071239471 0.39570897817611694 0.08928599953651428 0.09052598476409912
16 0.22007299959659576 0.39508897066116333 0.0863099992275238 0.07638895511627197
16 0.3214290142059326 0.4063739776611328 0.10185199975967407 0.07961297035217285
16 0.4558529853820801 0.4037700295448303 0.09226202964782715 0.09176599979400635
16 0.5679559707641602 0.4100940227508545 0.07175898551940918 0.09598195552825928
16 0.6701390147209167 0.4193950295448303 0.06911396980285645 0.07539701461791992
16 0.785053014755249 0.41505497694015503 0.0806879997253418 0.08854198455810547
