19 0.027348235249519348 0.8730745911598206 0.054696470499038696 0.22286632657051086
19 0.02683866396546364 0.8901772499084473 0.05367732793092728 0.21964554488658905
19 0.14884783327579498 0.7360948324203491 0.1672927439212799 0.22286632657051086
19 0.2682742178440094 0.6200026273727417 0.16042639315128326 0.21850843727588654
19 0.38065508008003235 0.5323015451431274 0.16791333258152008 0.2209203541278839
19 0.48042577505111694 0.4354591965675354 0.1572018563747406 0.20464961230754852
19 0.5864326357841492 0.3472546339035034 0.1540495604276657 0.2027803659439087
15 0.6857709884643555 0.2653077244758606 0.15266954898834229 0.19892029464244843
15 0.7942103743553162 0.17933689057826996 0.16398032009601593 0.2182629555463791
15 0.20392808318138123 0.7160627245903015 0.24630071222782135 0.29268646240234375
15 0.29521968960762024 0.6287405490875244 0.20018966495990753 0.27040067315101624
15 0.3960243761539459 0.5505180358886719 0.16809190809726715 0.2365346997976303
15 0.48995763063430786 0.46489477157592773 0.16102972626686096 0.23239916563034058
15 0.6012912392616272 0.37071868777275085 0.15110091865062714 0.22232568264007568
