15 0.1324400007724762 0.6743549704551697 0.2642199993133545 0.5694440603256226
15 0.5507609844207764 0.36445900797843933 0.6875 0.2814980149269104
15 0.6355819702148438 0.2652530074119568 0.6441800594329834 0.34201401472091675
15 0.7372687458992004 0.5623760223388672 0.5254625082015991 0.18973198533058167
15 0.33945098519325256 0.7875739932060242 0.2529760003089905 0.42485105991363525
15 0.5615079998970032 0.7983629703521729 0.2572749853134155 0.4032740592956543
16 0.20634900033473969 0.5155010223388672 0.15079399943351746 0.21453401446342468
16 0.3910380005836487 0.6695190072059631 0.11210298538208008 0.18874001502990723
16 0.57225501537323 0.7052329778671265 0.12929904460906982 0.1713789701461792
16 0.7873679995536804 0.4647819995880127 0.1653439998626709 0.14335298538208008
16 0.4221230149269104 0.17361100018024445 0.19675901532173157 0.14335301518440247
