15 0.5352180004119873 0.8940969705581665 0.4930560290813446 0.15376999974250793
15 0.5489420294761658 0.7821179628372192 0.5099209547042847 0.1520339846611023
15 0.4988430142402649 0.7180060148239136 0.4460979700088501 0.1135910153388977
15 0.48495399951934814 0.6121029853820801 0.4222879707813263 0.10466301441192627
15 0.5033069849014282 0.5069440007209778 0.43518495559692383 0.10565498471260071
15 0.4748679995536804 0.4064980149269104 0.4193120002746582 0.08730196952819824
15 0.5251320004463196 0.2643849849700928 0.4596560001373291 0.11507904529571533
15 0.441303014755249 0.086434006690979 0.3925260305404663 0.11929595470428467
15 0.41038399934768677 0.19680100679397583 0.39021196961402893 0.061756014823913574
15 0.3665670156478882 0.35404300689697266 0.31779101490974426 0.05778801441192627
16 0.39285698533058167 0.9169149994850159 0.19510596990585327 0.09027799963951111
16 0.3847549855709076 0.8044390082359314 0.17096596956253052 0.07366099953651428
16 0.32357800006866455 0.8392859697341919 0.1226850152015686 0.06498000025749207
16 0.34523800015449524 0.7320190072059631 0.13888901472091675 0.06473201513290405
16 0.3126649856567383 0.6876239776611328 0.1312829852104187 0.047867000102996826
16 0.2728169858455658 0.6500500440597534 0.09193098545074463 0.04017901420593262
16 0.3330030143260956 0.6284719705581665 0.13756603002548218 0.04960298538208008
16 0.28339898586273193 0.5993300080299377 0.08730198442935944 0.04885900020599365
16 0.3126649856567383 0.5585319995880127 0.11408698558807373 0.0471230149269104
16 0.2620700001716614 0.5316219925880432 0.07704998552799225 0.0463789701461792
16 0.3526790142059326 0.5159969925880432 0.14517199993133545 0.06473198533058167
16 0.3027450144290924 0.4616820216178894 0.11739401519298553 0.04092299938201904
16 0.25264599919319153 0.45114099979400635 0.06613798439502716 0.04563498497009277
16 0.33945098519325256 0.40004998445510864 0.14847898483276367 0.05059504508972168
16 0.26719599962234497 0.3583829998970032 0.10648101568222046 0.04414701461791992
16 0.2625660002231598 0.2800099849700928 0.05026501417160034 0.04067504405975342
16 0.2903439998626709 0.26041698455810547 0.05886197090148926 0.05605196952819824
16 0.34854501485824585 0.2419390082359314 0.11111098527908325 0.06721198558807373
16 0.2919969856739044 0.18799597024917603 0.1130949854850769 0.04414701461791992
16 0.3244050145149231 0.058283984661102295 0.1567460149526596 0.06150805950164795
