16 0.1681549996137619 0.41951900720596313 0.0704369843006134 0.0463789701461792
16 0.2113099992275238 0.38913699984550476 0.058862000703811646 0.043155014514923096
16 0.2509920001029968 0.33395299315452576 0.06944400072097778 0.054315030574798584
16 0.30208298563957214 0.39186498522758484 0.06713002920150757 0.0471230149269104
16 0.2552909851074219 0.4459329843521118 0.06084698438644409 0.04811501502990723
16 0.20122399926185608 0.47123003005981445 0.06845200061798096 0.04563498497009277
16 0.16087999939918518 0.5591520071029663 0.06183898448944092 0.04538702964782715
16 0.21676599979400635 0.5724210143089294 0.06712998449802399 0.04315495491027832
16 0.244378000497818 0.6331850290298462 0.09060800075531006 0.05605196952819824
16 0.28554901480674744 0.5135170221328735 0.06845200061798096 0.0473710298538208
16 0.474371999502182 0.7624009847640991 0.09622997045516968 0.0615079402923584
15 0.6033400297164917 0.23673099279403687 0.27943098545074463 0.18328392505645752
15 0.6488100290298462 0.29551100730895996 0.2956349849700928 0.18725204467773438
15 0.7549600005149841 0.397940993309021 0.36045002937316895 0.1103670597076416
15 0.645999014377594 0.47073400020599365 0.2966270446777344 0.1294640302658081
15 0.6653439998626709 0.5623760223388672 0.2943120002746582 0.18625998497009277
15 0.6344249844551086 0.802827000617981 0.3158069849014282 0.13591301441192627
15 0.4839619994163513 0.64198899269104 0.09160101413726807 0.20163702964782715
15 0.556052029132843 0.6535220146179199 0.18022501468658447 0.18948400020599365
15 0.4135249853134155 0.7635170221328735 0.1921299695968628 0.21602201461791992
16 0.7101519703865051 0.16505500674247742 0.06845200061798096 0.06076401472091675
16 0.7516530156135559 0.22147798538208008 0.06415295600891113 0.06001996994018555
16 0.8940150141716003 0.42832303047180176 0.06514596939086914 0.07688498497009277
16 0.7665339708328247 0.5050839781761169 0.06613802909851074 0.0463789701461792
16 0.5426589846611023 0.49441999197006226 0.05357098579406738 0.04885900020599365
16 0.7468580007553101 0.830357015132904 0.08234095573425293 0.058531999588012695
16 0.4937170147895813 0.8299850225448608 0.11309501528739929 0.0736609697341919
