15 0.43435800075531006 0.2531000077724457 0.35085999965667725 0.08655798435211182
15 0.4254299998283386 0.3191959857940674 0.3435850143432617 0.08730196952819824
15 0.41104501485824585 0.3871529996395111 0.3743389844894409 0.09375
15 0.3902119994163513 0.47395801544189453 0.41600501537323 0.08978202939033508
15 0.38260602951049805 0.570809006690979 0.4332009553909302 0.10243105888366699
15 0.4115409851074219 0.7207340002059937 0.3607800006866455 0.0887899398803711
15 0.4302250146865845 0.6396329998970032 0.3425929844379425 0.08631002902984619
16 0.5773810148239136 0.24714800715446472 0.07341301441192627 0.05381900072097778
16 0.5821759700775146 0.29191499948501587 0.0466269850730896 0.04861098527908325
16 0.5720900297164917 0.31113600730895996 0.05886203050613403 0.05183500051498413
16 0.5778770446777344 0.3519349992275238 0.04464298486709595 0.029761970043182373
16 0.5992059707641602 0.37685999274253845 0.04497402906417847 0.04241102933883667
16 0.5790339708328247 0.38107600808143616 0.05753999948501587 0.046379029750823975
16 0.5848209857940674 0.4091019928455353 0.0499340295791626 0.038442015647888184
16 0.5869710445404053 0.436383992433548 0.037037014961242676 0.031993985176086426
16 0.5720900297164917 0.4723460078239441 0.05026501417160034 0.051339030265808105
16 0.5901119709014893 0.505952000617981 0.03736799955368042 0.03373003005981445
16 0.5944110155105591 0.5704370141029358 0.030754029750823975 0.06001996994018555
16 0.5656419992446899 0.5740330219268799 0.058531999588012695 0.05927598476409912
16 0.5848209857940674 0.6135910153388977 0.04596602916717529 0.034226059913635254
16 0.5879629850387573 0.641493022441864 0.05026501417160034 0.04885900020599365
16 0.5891200304031372 0.6912199854850769 0.041335999965667725 0.026290059089660645
16 0.5687829852104187 0.7216020226478577 0.06944400072097778 0.05679595470428467
