15 0.26686498522758484 0.888392984867096 0.37301599979400635 0.14252600073814392
15 0.1956849992275238 0.7339619994163513 0.37301599979400635 0.13789701461791992
15 0.281497985124588 0.5821759700775146 0.4087299704551697 0.14252597093582153
15 0.2884419858455658 0.41121000051498413 0.3601189851760864 0.17691802978515625
15 0.4879710078239441 0.7690150141716003 0.21552598476409912 0.4613099992275238
15 0.4113340377807617 0.16567498445510864 0.21354201436042786 0.3313490152359009
15 0.7042409777641296 0.04497402906417847 0.3504459857940674 0.08994698524475098
15 0.7181299924850464 0.2523149847984314 0.3588789701461792 0.3220900297164917
15 0.703125 0.4456019997596741 0.3655749559402466 0.32374298572540283
15 0.8118799924850464 0.7182539701461792 0.3762400150299072 0.19841301441192627
15 0.7326390147209167 0.8804559707641602 0.40327394008636475 0.23842599987983704
16 0.1401289999485016 0.8697090148925781 0.11111099272966385 0.07605800032615662
16 0.07601699978113174 0.701554000377655 0.12078399956226349 0.08763200044631958
16 0.41679099202156067 0.39170002937316895 0.10987097024917603 0.13525104522705078
16 0.5833330154418945 0.9637899994850159 0.07242095470428467 0.07175900042057037
16 0.6767110228538513 0.7496689558029175 0.10143804550170898 0.1408730149269104
16 0.5752729773521423 0.5454699993133545 0.1098710298538208 0.14384901523590088
16 0.584945023059845 0.37533098459243774 0.09499001502990723 0.10780394077301025
16 0.9510170221328735 0.13359802961349487 0.09796595573425293 0.1335979700088501
16 0.8474699854850769 0.049272239208221436 0.09375 0.09854447841644287
