15 0.986189603805542 0.04646461457014084 0.027620811015367508 0.09292922914028168
15 0.9227790832519531 0.04255468025803566 0.13839565217494965 0.08510936051607132
15 0.016419069841504097 0.23358823359012604 0.032838139683008194 0.28541046380996704
15 0.36161527037620544 0.8175801038742065 0.35382676124572754 0.3067459464073181
15 0.2754857540130615 0.8056327700614929 0.32242414355278015 0.285241961479187
16 0.2622499167919159 0.6990987658500671 0.3437666594982147 0.303171306848526
16 0.2571309804916382 0.6122550368309021 0.34543874859809875 0.29853731393814087
16 0.2511214315891266 0.46037226915359497 0.32736894488334656 0.28541046380996704
16 0.27653568983078003 0.9155827164649963 0.13048796355724335 0.10431649535894394
16 0.18505825102329254 0.8875969648361206 0.14429357647895813 0.11647976189851761
17 0.187364861369133 0.7780318260192871 0.146029531955719 0.12525887787342072
17 0.1425309032201767 0.6848921179771423 0.13215231895446777 0.10327538102865219
17 0.137546107172966 0.5492934584617615 0.11230066418647766 0.09075112640857697
17 0.5201561450958252 0.8427789807319641 0.11502517759799957 0.09163067489862442
17 0.615129828453064 0.7305544018745422 0.11902132630348206 0.0959402546286583
17 0.5532247424125671 0.6682763695716858 0.12463250756263733 0.10047093033790588
17 0.44106268882751465 0.6567491888999939 0.1240791380405426 0.10217193514108658
17 0.7147628664970398 0.6219009160995483 0.09904183447360992 0.07845140993595123
17 0.818156361579895 0.5146753787994385 0.1179099828004837 0.09325113147497177
17 0.9186897277832031 0.40816444158554077 0.11711201816797256 0.09360776841640472
17 0.6571021676063538 0.5518941879272461 0.1293100118637085 0.10398615151643753
17 0.7627793550491333 0.44863778352737427 0.10686545819044113 0.08586356788873672
17 0.8592380285263062 0.33628973364830017 0.11322597414255142 0.09130052477121353
17 0.5524035096168518 0.5351498126983643 0.12618160247802734 0.10305118560791016
