16 0.3186179995536804 0.2781499922275543 0.1193779706954956 0.07663698494434357
16 0.2782739996910095 0.3789680004119873 0.08763200044631958 0.09920597076416016
16 0.3523479998111725 0.38926100730895996 0.08895498514175415 0.06572401523590088
16 0.5752310156822205 0.3370540142059326 0.09226202964782715 0.08631002902984619
16 0.44510599970817566 0.5279020071029663 0.0846560001373291 0.09052598476409912
16 0.17625699937343597 0.5483629703521729 0.12235400080680847 0.07986104488372803
15 0.41848498582839966 0.33742600679397583 0.2761240005493164 0.18874001502990723
15 0.3272159993648529 0.45510900020599365 0.2199069857597351 0.2425600290298462
15 0.50975501537323 0.6049110293388367 0.20535698533058167 0.234127014875412
15 0.6261569857597351 0.430184006690979 0.19411396980285645 0.25570395588874817
15 0.27976199984550476 0.5990819931030273 0.31216901540756226 0.18328404426574707
17 0.18915300071239471 0.11917199939489365 0.10515901446342468 0.06671600043773651
17 0.11160700023174286 0.2183780074119568 0.10218300670385361 0.07564498484134674
17 0.05687800049781799 0.32663699984550476 0.09920600056648254 0.0744050145149231
17 0.5170300006866455 0.15798600018024445 0.11342597007751465 0.07539699226617813
17 0.7018849849700928 0.2528519928455353 0.09490704536437988 0.07316499948501587
17 0.7764549851417542 0.33903801441192627 0.09788405895233154 0.07986098527908325
17 0.8799600005149841 0.5279020071029663 0.10648095607757568 0.08407700061798096
17 0.7749670147895813 0.6081349849700928 0.10350501537322998 0.07440495491027832
17 0.8642529845237732 0.6986610293388367 0.10945796966552734 0.08085298538208008
17 0.7081680297851562 0.7068449854850769 0.10218298435211182 0.08184504508972168
17 0.7794309854507446 0.8173360228538513 0.11507904529571533 0.07663702964782715
17 0.5615079998970032 0.850197970867157 0.10515904426574707 0.07539701461791992
17 0.38541701436042786 0.818947970867157 0.09490698575973511 0.0669640302658081
17 0.2509920001029968 0.7801340222358704 0.08796298503875732 0.06919598579406738
