17 0.13830061256885529 0.5179063081741333 0.13616392016410828 0.1268351525068283
17 0.32135680317878723 0.5129725933074951 0.09885385632514954 0.1174539253115654
17 0.48031383752822876 0.48390501737594604 0.09772923588752747 0.11545942723751068
17 0.6176397204399109 0.4734480381011963 0.08312865346670151 0.10823991149663925
17 0.7578770518302917 0.4529687762260437 0.09604234248399734 0.1124677062034607
17 0.8796262145042419 0.44446295499801636 0.09528851509094238 0.11404050141572952
17 0.8319408893585205 0.3050811290740967 0.09447931498289108 0.12270794808864594
17 0.6778706908226013 0.3141533136367798 0.10309439152479172 0.11670918017625809
17 0.5394349098205566 0.3277421295642853 0.08911265432834625 0.10339336097240448
17 0.3846742510795593 0.34057188034057617 0.11725679785013199 0.12713152170181274
17 0.21522963047027588 0.3765013515949249 0.12424188107252121 0.12911127507686615
17 0.2819572985172272 0.18838950991630554 0.11210966110229492 0.12427975982427597
17 0.4553825855255127 0.17862345278263092 0.10069292038679123 0.11658293753862381
17 0.6102818250656128 0.17047834396362305 0.1044100672006607 0.1251654326915741
17 0.746802806854248 0.16443175077438354 0.08941847831010818 0.11373186856508255
17 0.5344964861869812 0.03405939042568207 0.1029796302318573 0.06811878085136414
17 0.35371342301368713 0.037636011838912964 0.09937717765569687 0.07527202367782593
