15 0.7749670147895813 0.17249497771263123 0.42691799998283386 0.22743098437786102
15 0.8554890155792236 0.35739099979400635 0.265872985124588 0.37301599979400635
15 0.8969910144805908 0.4992560148239136 0.20535698533058167 0.28769803047180176
15 0.6405420303344727 0.7295389771461487 0.48611098527908325 0.16393804550170898
15 0.22420597076416016 0.7025049924850464 0.222883939743042 0.3732640743255615
15 0.35714298486709595 0.29811498522758484 0.4226189851760864 0.23710298538208008
15 0.3341599702835083 0.19630500674247742 0.37665295600891113 0.30729204416275024
15 0.17460298538208008 0.17299097776412964 0.319443941116333 0.3191959857940674
15 0.0744050145149231 0.5143849849700928 0.1488100290298462 0.35466301441192627
16 0.7599210143089294 0.49764400720596313 0.14947101473808289 0.11433497071266174
16 0.847553014755249 0.594618022441864 0.1726190149784088 0.10788702964782715
16 0.4586640000343323 0.6960570216178894 0.1567460298538208 0.09697401523590088
16 0.17460298538208008 0.8556550145149231 0.13492095470428467 0.11656701564788818
16 0.09408098459243774 0.6292160153388977 0.12665295600891113 0.13591301441192627
16 0.1926259994506836 0.30679601430892944 0.11342597007751465 0.09474200010299683
16 0.05787023901939392 0.30679601430892944 0.11574047803878784 0.125
16 0.02976202964782715 0.18216800689697266 0.0595240592956543 0.10887899994850159
17 0.2313159704208374 0.3940970003604889 0.14517199993133545 0.11011898517608643
17 0.34854501485824585 0.5419149994850159 0.18121695518493652 0.1294640302658081
