15 0.4300599992275238 0.3525550067424774 0.4169970154762268 0.2879459857940674
15 0.7390869855880737 0.4911949932575226 0.2585979700088501 0.34945398569107056
15 0.270999014377594 0.5202130079269409 0.277446985244751 0.3623509705066681
15 0.2108130007982254 0.7424359917640686 0.4209659993648529 0.30828404426574707
15 0.5434849858283997 0.780754029750824 0.27017199993133545 0.3893849849700928
15 0.1949400007724762 0.1375250220298767 0.24570101499557495 0.2566959857940674
15 0.11160700023174286 0.20052102208137512 0.22255298495292664 0.2899309992790222
15 0.06927900016307831 0.36507898569107056 0.13789698481559753 0.1919640302658081
16 0.036706000566482544 0.10726699233055115 0.06481499969959259 0.13368099927902222
16 0.1949400007724762 0.40823400020599365 0.11342601478099823 0.1488100290298462
16 0.3113430142402649 0.4097220003604889 0.13657401502132416 0.09375
16 0.2977840006351471 0.26041701436042786 0.14649498462677002 0.09920601546764374
16 0.04332000017166138 0.6308280229568481 0.08597899973392487 0.1088789701461792
16 0.4379960000514984 0.6432290077209473 0.09358501434326172 0.13169598579406738
17 0.9429559707641602 0.9477927684783936 0.11408698558807373 0.10441446304321289
17 0.9341930150985718 0.1994049996137619 0.13161396980285645 0.1175599992275238
17 0.6450070142745972 0.05208300054073334 0.15376996994018555 0.10367099940776825
