16 0.1403769999742508 0.9326639771461487 0.16236799955368042 0.11433500051498413
16 0.7442129850387573 0.7072169780731201 0.2086639404296875 0.13169598579406738
16 0.3682210147380829 0.853422999382019 0.20998698472976685 0.1175599992275238
16 0.5271160006523132 0.9294390082359314 0.18254002928733826 0.09499000012874603
15 0.22007298469543457 0.7590529918670654 0.3217589855194092 0.45510900020599365
15 0.5578699707984924 0.7126739621162415 0.5780419111251831 0.13814501464366913
15 0.597553014755249 0.8447420001029968 0.6223540306091309 0.14335298538208008
15 0.31001999974250793 0.5060759782791138 0.277446985244751 0.4064980149269104
17 0.604000985622406 0.6068949699401855 0.17228806018829346 0.11855202913284302
17 0.7498350143432617 0.41282200813293457 0.1623680591583252 0.15104198455810547
17 0.43568098545074463 0.421006977558136 0.17824101448059082 0.11532700061798096
