15 0.15864324569702148 0.03649648651480675 0.31728649139404297 0.0729929730296135
15 0.18072934448719025 0.05835797265172005 0.32480043172836304 0.1167159453034401
15 0.2771519720554352 0.07710587233304977 0.3256976008415222 0.15421174466609955
15 0.04710784927010536 0.9986677169799805 0.09421569854021072 0.002664507832378149
15 0.5282671451568604 0.8849532604217529 0.29401761293411255 0.23009349405765533
15 0.7251203060150146 0.7249844670295715 0.3939574360847473 0.45964619517326355
15 0.4158574342727661 0.8316254019737244 0.3511160910129547 0.3367491662502289
15 0.44569388031959534 0.7260636687278748 0.36894193291664124 0.38326358795166016
15 0.6570162773132324 0.4262687861919403 0.31994521617889404 0.3179313838481903
15 0.48249900341033936 0.4431629478931427 0.31615427136421204 0.3219681680202484
16 0.40983060002326965 0.4409877061843872 0.3363548219203949 0.32802894711494446
16 0.3645743131637573 0.3715980052947998 0.3780069649219513 0.37551072239875793
16 0.33855733275413513 0.27943354845046997 0.32480043172836304 0.3242822289466858
16 0.35471150279045105 0.15692658722400665 0.3256976008415222 0.3138531744480133
16 0.5834205746650696 0.8302203416824341 0.1125902533531189 0.12852884829044342
16 0.7986374497413635 0.5596053600311279 0.1142779067158699 0.14293165504932404
16 0.7186664938926697 0.554648220539093 0.0887092798948288 0.10730338841676712
16 0.5195016860961914 0.7565735578536987 0.10073266178369522 0.11505130678415298
16 0.5781724452972412 0.6449162364006042 0.1005060076713562 0.11701290309429169
16 0.6421551704406738 0.5456768274307251 0.10233931988477707 0.12746600806713104
16 0.7602024674415588 0.3175028860569 0.10553005337715149 0.13130055367946625
16 0.5904127955436707 0.36974668502807617 0.10213150084018707 0.12309163063764572
