15 0.6856886744499207 0.016085468232631683 0.33518722653388977 0.03217093646526337
15 0.3067395091056824 0.08589199185371399 0.22551877796649933 0.17178398370742798
15 0.17955154180526733 0.06734562665224075 0.35910308361053467 0.1346912533044815
15 0.1736740916967392 0.004366072826087475 0.3473481833934784 0.00873214565217495
15 0.016250930726528168 0.8091030120849609 0.032501861453056335 0.3817940056324005
15 0.04632982984185219 0.8483824133872986 0.09265965968370438 0.3032352030277252
15 0.05559634417295456 0.9097636938095093 0.11119268834590912 0.18047267198562622
15 0.6454088687896729 0.45139753818511963 0.22514866292476654 0.3837498724460602
15 0.7512206435203552 0.14594706892967224 0.33518722653388977 0.2918941378593445
16 0.3851388990879059 0.29434844851493835 0.22551877796649933 0.37631216645240784
16 0.2875147759914398 0.47528818249702454 0.4243215024471283 0.4330686032772064
16 0.3134264051914215 0.5926506519317627 0.4659325182437897 0.40991052985191345
16 0.24286037683486938 0.6985293626785278 0.37781959772109985 0.30775168538093567
16 0.29960885643959045 0.7872404456138611 0.42487430572509766 0.29503944516181946
16 0.5714709162712097 0.7597411870956421 0.29334577918052673 0.4125394821166992
16 0.5556216835975647 0.8823267221450806 0.35797128081321716 0.23534652590751648
16 0.6856996417045593 0.2311173677444458 0.15153533220291138 0.14541567862033844
17 0.428897887468338 0.39164799451828003 0.14415407180786133 0.15511196851730347
17 0.4215223491191864 0.511885404586792 0.16912217438220978 0.1717151254415512
19 0.6805341839790344 0.5633712410926819 0.11478886008262634 0.12553101778030396
19 0.49173110723495483 0.6043545007705688 0.16671553254127502 0.14882323145866394
