15 0.02999166212975979 0.12887455523014069 0.05998332425951958 0.25774911046028137
15 0.05033954232931137 0.10403618216514587 0.10067908465862274 0.20807236433029175
15 0.044414620846509933 0.028598343953490257 0.08882924169301987 0.057196687906980515
15 0.04491778463125229 0.15757110714912415 0.07583101093769073 0.10178909450769424
15 0.018066205084323883 0.19350071251392365 0.036132410168647766 0.12407977133989334
16 0.0097400713711977 0.007655258756130934 0.0194801427423954 0.015310517512261868
16 0.04659849777817726 0.937851071357727 0.09319699555635452 0.1242978498339653
16 0.03994797542691231 0.9578819870948792 0.06619582325220108 0.0842360332608223
16 0.04736649617552757 0.9177232384681702 0.0635472908616066 0.08474824577569962
15 0.26513123512268066 0.5467700362205505 0.22030888497829437 0.30002960562705994
16 0.296375572681427 0.4835951030254364 0.2043188512325287 0.2784401476383209
16 0.2143366038799286 0.7242299318313599 0.21469739079475403 0.28049907088279724
16 0.45695239305496216 0.5812662243843079 0.31306952238082886 0.4129573106765747
16 0.7518307566642761 0.4026910066604614 0.444301575422287 0.5837181806564331
16 0.7795355916023254 0.18041595816612244 0.1201976090669632 0.1592596471309662
16 0.8377389907836914 0.2049536556005478 0.11559819430112839 0.1528552919626236
16 0.591329038143158 0.489499568939209 0.10749450325965881 0.14298595488071442
