16 0.7848880290985107 0.6439729928970337 0.1875 0.1128469705581665
16 0.7908399701118469 0.5296379327774048 0.21660101413726807 0.1207839846611023
16 0.7757940292358398 0.47805100679397583 0.18650799989700317 0.04786694049835205
16 0.7949739694595337 0.374131977558136 0.1653439998626709 0.0815969705581665
16 0.7805889844894409 0.25558000802993774 0.14914001524448395 0.05431497097015381
16 0.7906749844551086 0.20039701461791992 0.1653440147638321 0.09126996994018555
16 0.7832340002059937 0.28410202264785767 0.12466901540756226 0.042410969734191895
16 0.5469579696655273 0.7532240152359009 0.07473498582839966 0.09126996994018555
16 0.5262899994850159 0.9144350290298462 0.08432498574256897 0.0744050145149231
16 0.48148101568222046 0.7041170001029968 0.0886240005493164 0.09523797035217285
16 0.2409060001373291 0.7521079778671265 0.15773797035217285 0.14310503005981445
15 0.6238430142402649 0.6400049924850464 0.49702396988868713 0.12723207473754883
15 0.6023480296134949 0.5420390367507935 0.5697749853134155 0.1282239556312561
15 0.5988759994506836 0.38950902223587036 0.5641529560089111 0.15749001502990723
15 0.5891200304031372 0.21403801441192627 0.5982139706611633 0.18898797035217285
15 0.31613802909851074 0.5488590002059937 0.3062169551849365 0.5496029853820801
15 0.3725200295448303 0.7961310148239136 0.24834704399108887 0.39285701513290405
15 0.47189199924468994 0.12425601482391357 0.173941969871521 0.24851202964782715
