15 0.21788200736045837 0.42476898431777954 0.3167160153388977 0.6623679399490356
15 0.4371280074119568 0.395999014377594 0.22891902923583984 0.7007280588150024
15 0.6367809772491455 0.3842589855194092 0.2041170597076416 0.7050259113311768
15 0.820809006690979 0.5229830145835876 0.24578404426574707 0.5896159410476685
16 0.16629500687122345 0.6188820004463196 0.18626001477241516 0.2721560001373291
16 0.4144349992275238 0.6137570142745972 0.15922600030899048 0.26984095573425293
16 0.6763389706611633 0.617393970489502 0.14236104488372803 0.23677200078964233
16 0.8612350225448608 0.3267199993133545 0.1376490592956543 0.21230196952819824
16 0.8232889771461487 0.17261898517608643 0.14161694049835205 0.23015904426574707
16 0.25123998522758484 0.7944779992103577 0.1448410153388977 0.19014598429203033
16 0.4608129858970642 0.7923280000686646 0.1369049847126007 0.21560800075531006
16 0.6671630144119263 0.7961310148239136 0.12251996994018555 0.16964301466941833
16 0.6351690292358398 0.9224539995193481 0.10962295532226562 0.119378000497818
16 0.47036200761795044 0.9236109852790833 0.11929598450660706 0.11507900804281235
16 0.28658199310302734 0.9284060001373291 0.12326401472091675 0.12466900795698166
