17 0.8382322192192078 0.4169369041919708 0.09388172626495361 0.1271786242723465
17 0.8222829103469849 0.6163583397865295 0.09047292172908783 0.1206575334072113
17 0.8158740997314453 0.8177474141120911 0.09789904206991196 0.1330825835466385
17 0.688110888004303 0.817900538444519 0.09846508502960205 0.13458190858364105
17 0.6940739750862122 0.6164449453353882 0.09113436192274094 0.12853749096393585
17 0.720788300037384 0.42860227823257446 0.08671789616346359 0.12575562298297882
17 0.5832144618034363 0.4461493194103241 0.09103162586688995 0.12993596494197845
17 0.5720527768135071 0.6355869174003601 0.08716458827257156 0.1258222907781601
17 0.5655874609947205 0.8416817784309387 0.08527053892612457 0.13473473489284515
17 0.44158923625946045 0.8050472140312195 0.07810249924659729 0.12800665199756622
17 0.4554920494556427 0.5842880010604858 0.08331937342882156 0.12984596192836761
17 0.4640805721282959 0.3892071545124054 0.08921320736408234 0.12400620430707932
17 0.33876124024391174 0.2002534419298172 0.08774314820766449 0.12484773248434067
17 0.20607437193393707 0.18915678560733795 0.09587311744689941 0.14303629100322723
17 0.3350624442100525 0.3962448537349701 0.08536072075366974 0.13580909371376038
17 0.19768676161766052 0.4154532253742218 0.1126847118139267 0.16499610245227814
17 0.3271312415599823 0.5955941081047058 0.08138364553451538 0.14087410271167755
17 0.311595618724823 0.8142959475517273 0.09162560105323792 0.14487816393375397
17 0.17513546347618103 0.8320080637931824 0.09952971339225769 0.14464280009269714
17 0.19774159789085388 0.6272341012954712 0.09863816201686859 0.14450974762439728
