16 0.007936553098261356 0.951128363609314 0.015873106196522713 0.09774323552846909
16 0.32282668352127075 0.539066731929779 0.07769858092069626 0.10329880565404892
16 0.22767801582813263 0.6997444033622742 0.07795616239309311 0.09643003344535828
16 0.3957419693470001 0.7002654075622559 0.08239427953958511 0.09527710825204849
16 0.49245360493659973 0.6150602102279663 0.10452109575271606 0.12317924946546555
16 0.5568562150001526 0.4078046977519989 0.10327665507793427 0.11898349970579147
16 0.5135684013366699 0.35544243454933167 0.09076876193284988 0.1106945127248764
16 0.6882829666137695 0.35907667875289917 0.09654184430837631 0.1126292496919632
16 0.7054890394210815 0.4238485097885132 0.08783574402332306 0.10961837321519852
16 0.38340383768081665 0.496471107006073 0.0801197811961174 0.09352890402078629
15 0.5588791370391846 0.4751380383968353 0.08089741319417953 0.09927958995103836
15 0.42638659477233887 0.38426268100738525 0.2606547176837921 0.29898449778556824
15 0.3261681795120239 0.6265390515327454 0.21275421977043152 0.30500781536102295
15 0.23186679184436798 0.808891773223877 0.24253231287002563 0.3317241072654724
15 0.346148282289505 0.8199324607849121 0.3180512487888336 0.36013513803482056
15 0.5583925843238831 0.6742478609085083 0.20666329562664032 0.31946486234664917
15 0.6721075177192688 0.46669092774391174 0.2696666419506073 0.3334416151046753
15 0.6201004385948181 0.2933884263038635 0.269428551197052 0.2946862280368805
15 0.47689300775527954 0.5159754157066345 0.28795120120048523 0.29361265897750854
15 0.4569063186645508 0.46230143308639526 0.2729223370552063 0.2935441732406616
15 0.8663697838783264 0.5553784966468811 0.26726046204566956 0.2689078748226166
17 0.7422522306442261 0.49003830552101135 0.17234770953655243 0.26688352227211
17 0.8226802349090576 0.2742828130722046 0.09208947420120239 0.10979586839675903
17 0.15068462491035461 0.5405052304267883 0.08952952176332474 0.10782823711633682
17 0.86928790807724 0.7361056804656982 0.08943282067775726 0.10716503113508224
