15 0.1545969843864441 0.2469000220298767 0.15244698524475098 0.2383430153131485
15 0.23644202947616577 0.37363600730895996 0.17857098579406738 0.2457839846611023
15 0.06861799955368042 0.44742101430892944 0.13723504543304443 0.24702396988868713
15 0.17857125401496887 0.5871779918670654 0.35714250802993774 0.28695395588874817
15 0.5540670156478882 0.5121530294418335 0.3019179701805115 0.33333301544189453
15 0.7309849858283997 0.40116599202156067 0.21858501434326172 0.2770339846611023
15 0.9171630144119263 0.3132439851760864 0.16236799955368042 0.3472219705581665
15 0.8797949552536011 0.5358380079269409 0.239749014377594 0.3201880156993866
15 0.42476898431777954 0.46366599202156067 0.28207695484161377 0.266120970249176
16 0.1278110146522522 0.17249499261379242 0.08763206005096436 0.08953401446342468
16 0.27529799938201904 0.2927829921245575 0.0777120590209961 0.07762902975082397
16 0.09408098459243774 0.3720239996910095 0.09226202964782715 0.07886898517608643
16 0.45783698558807373 0.38492101430892944 0.06316101551055908 0.10019803047180176
16 0.5916010141372681 0.3014630079269409 0.10052895545959473 0.09052598476409912
16 0.7956349849700928 0.30344700813293457 0.08333301544189453 0.08407700061798096
16 0.9573410153388977 0.1633179932832718 0.0846560001373291 0.07316499948501587
