15 0.8782240152359009 0.22040300071239471 0.24355196952819824 0.3925260007381439
15 0.6835319995880127 0.3154760003089905 0.24007904529571533 0.4246029853820801
15 0.530754029750824 0.40823400020599365 0.13938498497009277 0.4930560290813446
15 0.34994998574256897 0.48726901412010193 0.19990098476409912 0.5353839993476868
15 0.171998992562294 0.44179901480674744 0.26314499974250793 0.5304229855537415
16 0.12313999980688095 0.5954030156135559 0.16096200048923492 0.1994049847126007
16 0.31113600730895996 0.6455029845237732 0.109375 0.22089898586273193
16 0.533482015132904 0.5730819702148438 0.1016869843006134 0.15476202964782715
16 0.7507439851760864 0.47817501425743103 0.1279759407043457 0.18452399969100952
16 0.9387400150299072 0.33779799938201904 0.10565495491027832 0.16236799955368042
