15 0.8116335868835449 0.007095647510141134 0.10741554200649261 0.014191295020282269
15 0.8967986106872559 0.11208520829677582 0.10212022066116333 0.12522727251052856
16 0.9510183930397034 0.043448351323604584 0.09796319156885147 0.08689670264720917
16 0.9951013326644897 0.017422841861844063 0.009797286242246628 0.034845683723688126
17 0.4848853051662445 0.7583906054496765 0.3256438672542572 0.35643550753593445
17 0.2301667481660843 0.5280023813247681 0.37469449639320374 0.44610410928726196
17 0.5923319458961487 0.8778976798057556 0.1014995127916336 0.12622635066509247
17 0.3689509332180023 0.5688710808753967 0.10624048113822937 0.12969443202018738
17 0.57887202501297 0.0642450600862503 0.10789564251899719 0.1284901201725006
17 0.5290961265563965 0.15777912735939026 0.1061154380440712 0.12542995810508728
17 0.6679239869117737 0.21321679651737213 0.10741554200649261 0.12876254320144653
17 0.8099400401115417 0.27128922939300537 0.10212022066116333 0.12522727251052856
17 0.3295387029647827 0.0481836199760437 0.12336361408233643 0.0963672399520874
17 0.26743313670158386 0.11318207532167435 0.1113889068365097 0.13129810988903046
17 0.3852207362651825 0.3081701695919037 0.090713731944561 0.11049152910709381
17 0.27226147055625916 0.3201807141304016 0.10281099379062653 0.12269572913646698
17 0.3896532952785492 0.44535818696022034 0.09110657870769501 0.11002511531114578
17 0.476656436920166 0.5892305970191956 0.09079094231128693 0.11395629495382309
17 0.5289058089256287 0.5057963132858276 0.10092418640851974 0.12256062030792236
17 0.6108331680297852 0.6485683917999268 0.09762397408485413 0.11935967206954956
17 0.563850998878479 0.7420046329498291 0.10121286660432816 0.12142815440893173
17 0.6375483274459839 0.32092633843421936 0.10406322032213211 0.12522856891155243
