16 0.5448909997940063 0.8110120296478271 0.08730196952819824 0.12070095539093018
16 0.7919149994850159 0.7628970146179199 0.08283698558807373 0.11375701427459717
16 0.7287949919700623 0.6960980296134949 0.07961298525333405 0.13227498531341553
16 0.6646829843521118 0.6132609844207764 0.06349200010299683 0.10482800006866455
16 0.6122269630432129 0.5636569857597351 0.0667160153388977 0.10945796966552734
16 0.4570930004119873 0.6450070142745972 0.08184504508972168 0.1193779706954956
16 0.8782240152359009 0.42576104402542114 0.08531699329614639 0.14384901523590088
16 0.7627730369567871 0.39120399951934814 0.07018798589706421 0.13492107391357422
16 0.7033729553222656 0.500495970249176 0.06795603036880493 0.10945796966552734
16 0.36495500802993774 0.5911039710044861 0.07663702964782715 0.07771193981170654
16 0.2965030074119568 0.6097880005836487 0.0776289701461792 0.10648095607757568
16 0.19345200061798096 0.589451014995575 0.07886898517608643 0.09490704536437988
16 0.09089797735214233 0.6643519997596741 0.08953404426574707 0.1210319995880127
15 0.9202629923820496 0.31498003005981445 0.1564980000257492 0.3217589855194092
15 0.8792160153388977 0.6046630144119263 0.24057498574256897 0.3812830448150635
15 0.7514879703521729 0.2357800006866455 0.09920601546764374 0.4543650150299072
15 0.67323899269104 0.3085319995880127 0.13467299938201904 0.45304203033447266
15 0.5579119920730591 0.677249014377594 0.12177598476409912 0.40542304515838623
15 0.5184770226478577 0.38905400037765503 0.09697398543357849 0.41832005977630615
15 0.4290670156478882 0.4915669560432434 0.11855196952819824 0.40839898586273193
15 0.39248502254486084 0.4120369851589203 0.1143350601196289 0.4384920001029968
15 0.29476702213287354 0.41054901480674744 0.09598195552825928 0.47321397066116333
15 0.18638402223587036 0.4444440007209778 0.10788702964782715 0.4629629850387573
15 0.08395302295684814 0.5370370149612427 0.10342299938201904 0.46164000034332275
16 0.51426100730896 0.5428239703178406 0.07961297035217285 0.10218298435211182
