17 0.16441871225833893 0.002938360208645463 0.12519435584545135 0.005876720417290926
17 0.2532406747341156 0.1923113316297531 0.12519435584545135 0.10223258286714554
17 0.4171093702316284 0.15702328085899353 0.11912025511264801 0.0983448475599289
17 0.5779164433479309 0.11227066069841385 0.13092242181301117 0.10664987564086914
17 0.639671802520752 0.2323344349861145 0.13226549327373505 0.10733389854431152
17 0.4790276885032654 0.27752283215522766 0.12561042606830597 0.0997098833322525
17 0.3190334737300873 0.2997719645500183 0.12229134887456894 0.09519609063863754
17 0.3991435170173645 0.42467251420021057 0.12670817971229553 0.09973996132612228
17 0.5528838634490967 0.38740116357803345 0.12245463579893112 0.09563279896974564
17 0.7174034714698792 0.3415151536464691 0.12914596498012543 0.09462995082139969
17 0.7485327124595642 0.46731510758399963 0.12198188900947571 0.08709962666034698
17 0.5689408779144287 0.5099070072174072 0.12474080175161362 0.09229791909456253
17 0.4120224714279175 0.551020085811615 0.12149970978498459 0.09743977338075638
17 0.32450219988822937 0.7164669036865234 0.12181422859430313 0.09610049426555634
17 0.379822701215744 0.8439955711364746 0.13841749727725983 0.10561604797840118
17 0.4797748029232025 0.6705276966094971 0.1300308257341385 0.09481605887413025
17 0.5610902905464172 0.7948231101036072 0.160182386636734 0.1238478571176529
17 0.6397188901901245 0.6277204751968384 0.1331208050251007 0.09145021438598633
17 0.8184871673583984 0.5871822834014893 0.1388528048992157 0.10169196128845215
17 0.8981892466545105 0.710994303226471 0.14060604572296143 0.10928890109062195
