15 0.32870399951934814 0.2816219925880432 0.3379629850387573 0.07911694049835205
15 0.31051599979400635 0.3359379768371582 0.3167990446090698 0.07118105888366699
15 0.41666701436042786 0.15525799989700317 0.11507898569107056 0.21676599979400635
15 0.5469580292701721 0.40004998445510864 0.23875701427459717 0.26984095573425293
15 0.701554000377655 0.7000249624252319 0.2966270446777344 0.4104660153388977
16 0.5555559992790222 0.8328369855880737 0.10449695587158203 0.09523800015449524
16 0.6327710151672363 0.861607015132904 0.09490704536437988 0.09523800015449524
16 0.6092919707298279 0.5420390367507935 0.10350501537322998 0.07862097024917603
16 0.6129299998283386 0.3044390082359314 0.11739397048950195 0.09598195552825928
15 0.3698740005493164 0.5900300145149231 0.3799600303173065 0.13442498445510864
16 0.24007900059223175 0.59238600730896 0.11838600039482117 0.06870001554489136
16 0.2227180004119873 0.5572919845581055 0.12797600030899048 0.06547600030899048
16 0.1949400007724762 0.32366102933883667 0.08961600065231323 0.04464304447174072
16 0.221560999751091 0.266493022441864 0.1170630156993866 0.04885900020599365
16 0.41567501425743103 0.37686002254486084 0.08730202913284302 0.055307984352111816
16 0.42691799998283386 0.08841800689697266 0.07142901420593262 0.043403029441833496
16 0.40128999948501587 0.061631977558135986 0.06514596939086914 0.043898940086364746
