16 0.4811509847640991 0.09709800034761429 0.08730196952819824 0.06572400033473969
16 0.3558200001716614 0.25235599279403687 0.09854495525360107 0.06919598579406738
16 0.29745399951934814 0.3359380066394806 0.1193779706954956 0.09697401523590088
16 0.29398101568222046 0.4567210078239441 0.14616405963897705 0.11631903052330017
16 0.33664000034332275 0.562004029750824 0.14285695552825928 0.09226202964782715
16 0.3311840295791626 0.6595979928970337 0.12533104419708252 0.10193502902984619
16 0.3878970146179199 0.7361109852790833 0.10648095607757568 0.08283698558807373
15 0.5300930142402649 0.22147800028324127 0.4689149856567383 0.14583298563957214
15 0.5315809845924377 0.2927829921245575 0.5902780294418335 0.16691499948501587
15 0.5370370149612427 0.4141870141029358 0.6455029845237732 0.18105196952819824
15 0.5365409851074219 0.5287700295448303 0.5744049549102783 0.15029799938201904
15 0.5261240005493164 0.6381450295448303 0.527116060256958 0.12400805950164795
15 0.5782079696655273 0.7217260003089905 0.48313504457473755 0.12251996994018555
15 0.601356029510498 0.8805800080299377 0.2285049557685852 0.2388390302658081
