15 0.11160700023174286 0.26686498522758484 0.14252600073814392 0.37301599979400635
15 0.2660380005836487 0.1956849992275238 0.13789701461791992 0.37301599979400635
15 0.41782400012016296 0.281497985124588 0.14252597093582153 0.4087299704551697
15 0.5887899994850159 0.2884419858455658 0.17691802978515625 0.3601189851760864
15 0.23098500072956085 0.4879710078239441 0.4613099992275238 0.21552598476409912
15 0.8343250155448914 0.4113340377807617 0.3313490152359009 0.21354201436042786
15 0.9550259709358215 0.7042409777641296 0.08994698524475098 0.3504459857940674
15 0.7476850152015686 0.7181299924850464 0.3220900297164917 0.3588789701461792
15 0.5543980002403259 0.703125 0.32374298572540283 0.3655749559402466
15 0.2817460000514984 0.8118799924850464 0.19841301441192627 0.3762400150299072
15 0.11954399943351746 0.7326390147209167 0.23842599987983704 0.40327394008636475
16 0.13029100000858307 0.1401289999485016 0.07605800032615662 0.11111099272966385
16 0.29844599962234497 0.07601699978113174 0.08763200044631958 0.12078399956226349
16 0.608299970626831 0.41679099202156067 0.13525104522705078 0.10987097024917603
16 0.03621000051498413 0.5833330154418945 0.07175900042057037 0.07242095470428467
16 0.25033101439476013 0.6767110228538513 0.1408730149269104 0.10143804550170898
16 0.4545300006866455 0.5752729773521423 0.14384901523590088 0.1098710298538208
16 0.6246690154075623 0.584945023059845 0.10780394077301025 0.09499001502990723
16 0.8664019703865051 0.9510170221328735 0.1335979700088501 0.09796595573425293
16 0.9507277607917786 0.8474699854850769 0.09854447841644287 0.09375
