15 0.8525550365447998 0.2802579998970032 0.09598201513290405 0.40773797035217285
15 0.7684769630432129 0.31382304430007935 0.0974699854850769 0.46164003014564514
15 0.6664190292358398 0.32986098527908325 0.09523802995681763 0.4322090148925781
15 0.6000739932060242 0.3521830141544342 0.051834940910339355 0.3829370141029358
15 0.5432789921760559 0.3267199993133545 0.055307984352111816 0.28042298555374146
15 0.4561010003089905 0.34408101439476013 0.08234095573425293 0.2688489556312561
15 0.3876489996910095 0.3341600000858307 0.04811501502990723 0.2529760003089905
15 0.296006977558136 0.380621999502182 0.0825890302658081 0.2837299704551697
15 0.23115098476409912 0.3778110146522522 0.10168695449829102 0.3250659704208374
15 0.13194400072097778 0.42526501417160034 0.09523797035217285 0.3564809560775757
15 0.04501497745513916 0.44874298572540283 0.09002995491027832 0.3478839695453644
15 0.48970699310302734 0.5383599996566772 0.304811954498291 0.15145501494407654
15 0.23722702264785767 0.6049929857254028 0.3871530294418335 0.2443779706954956
15 0.4345239996910095 0.7875329852104187 0.6969250440597534 0.4064149856567383
16 0.828125 0.161871999502182 0.0615079402923584 0.13855800032615662
16 0.7504960298538208 0.17460300028324127 0.06497997045516968 0.16666701436042786
16 0.7140380144119263 0.2028769999742508 0.04811501502990723 0.12665298581123352
16 0.6381449699401855 0.2108130007982254 0.05605202913284302 0.15376999974250793
16 0.59375 0.2204030156135559 0.05357098579406738 0.1068120151758194
16 0.5368300080299377 0.2460319995880127 0.04885900020599365 0.09589898586273193
16 0.43563997745513916 0.2663689851760864 0.05580401420593262 0.10482800006866455
16 0.38045597076416016 0.2663689851760864 0.05109095573425293 0.10019801557064056
16 0.35404300689697266 0.2705030143260956 0.03348195552825928 0.07671999931335449
16 0.327256977558136 0.28339898586273193 0.042410969734191895 0.07870399951934814
16 0.2736859917640686 0.2893519997596741 0.05679595470428467 0.0972219854593277
16 0.19804102182388306 0.2840610146522522 0.06572401523590088 0.10780400037765503
16 0.13566499948501587 0.2972880005836487 0.04464304447174072 0.08531701564788818
16 0.09808999300003052 0.3250660002231598 0.05927598476409912 0.13227498531341553
16 0.04439502954483032 0.3392859995365143 0.059028029441833496 0.09920603036880493
16 0.6112349629402161 0.5085980296134949 0.11135900020599365 0.08333301544189453
16 0.3828120231628418 0.5634920001029968 0.11185503005981445 0.10780394077301025
16 0.6940720081329346 0.691798985004425 0.17435503005981445 0.20899498462677002
