16 0.6818780303001404 0.897072970867157 0.19510598480701447 0.11359095573425293
16 0.833499014377594 0.7139139771461487 0.1312830150127411 0.08308494091033936
16 0.9037699699401855 0.6599699854850769 0.10978800058364868 0.07440495491027832
16 0.8419309854507446 0.6103670001029968 0.12037000060081482 0.08382904529571533
16 0.91600501537323 0.4930559992790222 0.140872985124588 0.08482098579406738
16 0.8721889853477478 0.39595699310302734 0.11739400029182434 0.0825890302658081
16 0.9246029853820801 0.41244998574256897 0.11507900804281235 0.08482098579406738
16 0.4601519703865051 0.09040199965238571 0.10350501537322998 0.09846200048923492
16 0.6711310148239136 0.2822420001029968 0.1312829852104187 0.09523798525333405
16 0.5816799998283386 0.30679601430892944 0.08664000034332275 0.0783730149269104
16 0.15922600030899048 0.1839040070772171 0.12070095539093018 0.12078400701284409
16 0.31167298555374146 0.47842299938201904 0.10548901557922363 0.08878996968269348
16 0.4178239703178406 0.6042910218238831 0.1345900297164917 0.0815969705581665
16 0.21957701444625854 0.5507190227508545 0.12367701530456543 0.10094201564788818
15 0.54100501537323 0.31832799315452576 0.3743390440940857 0.1832839846611023
15 0.568452000617981 0.8655750155448914 0.4437830150127411 0.16716301441192627
15 0.29464298486709595 0.6876239776611328 0.28042304515838623 0.3583829402923584
15 0.27711600065231323 0.3044390082359314 0.3432539701461792 0.32961297035217285
15 0.5363759994506836 0.5314980149269104 0.3134920299053192 0.11359098553657532
15 0.6445109844207764 0.39310500025749207 0.21031701564788818 0.2688489556312561
15 0.5052909851074219 0.18303599953651428 0.1812169849872589 0.30158698558807373
15 0.4909060001373291 0.4186510145664215 0.2443779706954956 0.18402796983718872
15 0.830191969871521 0.5035960078239441 0.280754029750824 0.09598198533058167
15 0.8103510141372681 0.40873000025749207 0.23247399926185608 0.10317498445510864
15 0.7582669854164124 0.7124260067939758 0.29232800006866455 0.10094201564788818
