15 0.935267984867096 0.5282739996910095 0.11458300054073334 0.41699695587158203
15 0.8473460078239441 0.5266200304031372 0.11433500051498413 0.4672619700431824
15 0.7203620076179504 0.5132279992103577 0.11036700010299683 0.42989397048950195
15 0.6628220081329346 0.5251320004463196 0.07514899969100952 0.34457698464393616
15 0.5957340002059937 0.5170300006866455 0.07192498445510864 0.24966898560523987
15 0.49801599979400635 0.5224870443344116 0.08333301544189453 0.23478800058364868
15 0.4464290142059326 0.5213289856910706 0.08730196952819824 0.277446985244751
15 0.336434006690979 0.5112429857254028 0.10243105888366699 0.2658729553222656
15 0.26376497745513916 0.5241400003433228 0.10243105888366699 0.3253970146179199
15 0.16121000051498413 0.513392984867096 0.12004005908966064 0.31051602959632874
15 0.1008179783821106 0.4914019703865051 0.09697401523590088 0.28373003005981445
15 0.437004029750824 0.16617101430892944 0.8725200891494751 0.31117701530456543
15 0.5393109917640686 0.3463960289955139 0.37673601508140564 0.12400805950164795
15 0.22755497694015503 0.2999340295791626 0.44320404529571533 0.1567460298538208
15 0.46688997745513916 0.33779799938201904 0.33457303047180176 0.13657402992248535
16 0.9156749844551086 0.6679890155792236 0.0704369992017746 0.14814800024032593
16 0.8231649994850159 0.6782410144805908 0.0744050145149231 0.16005301475524902
16 0.7940230369567871 0.650297999382019 0.06870001554489136 0.10879600048065186
16 0.7068449854850769 0.6430220007896423 0.07539701461791992 0.15773797035217285
16 0.6599699854850769 0.6259920001029968 0.0664680004119873 0.09589898586273193
16 0.5977180004119873 0.5917659997940063 0.061507999897003174 0.09358501434326172
16 0.48883897066116333 0.5992059707641602 0.05506002902984619 0.08531701564788818
16 0.4404760003089905 0.6025129556655884 0.05605196952819824 0.1130949854850769
16 0.4095979928970337 0.5960650444030762 0.042410969734191895 0.07705003023147583
16 0.3872770071029663 0.5783729553222656 0.03596198558807373 0.08002597093582153
16 0.32601702213287354 0.5917659997940063 0.06076395511627197 0.10019803047180176
16 0.25161200761795044 0.614253044128418 0.06076395511627197 0.13657397031784058
16 0.1844000220298767 0.6068120002746582 0.041419029235839844 0.08531701564788818
16 0.1476929783821106 0.61524498462677 0.06076395511627197 0.10019797086715698
16 0.09598201513290405 0.5992059707641602 0.06001996994018555 0.06812196969985962
16 0.7692210078239441 0.19080698490142822 0.18873998522758484 0.20701098442077637
16 0.38045597076416016 0.3085319995880127 0.1215280294418335 0.13095200061798096
16 0.5880460143089294 0.3533400297164917 0.08878999948501587 0.08631002902984619
16 0.6651790142059326 0.3523480296134949 0.1135910153388977 0.11607098579406738
