17 0.12041202187538147 0.44725501537323 0.12326401472091675 0.12268498539924622
17 0.29042699933052063 0.44246000051498413 0.08878999948501587 0.11507904529571533
17 0.43873995542526245 0.4636240005493164 0.08779799938201904 0.11309501528739929
17 0.5664680004119873 0.46693098545074463 0.07440495491027832 0.10648098587989807
17 0.697172999382019 0.4803239703178406 0.08631002902984619 0.11011898517608643
17 0.8103920221328735 0.48247402906417847 0.08556497097015381 0.11177197098731995
17 0.7699649930000305 0.6274800300598145 0.08457303047180176 0.12070101499557495
17 0.6267359852790833 0.6264879703521729 0.09275805950164795 0.11408698558807373
17 0.49789196252822876 0.6200399994850159 0.08010900020599365 0.10118997097015381
17 0.35391899943351746 0.61524498462677 0.1056550145149231 0.12400799989700317
17 0.1956850290298462 0.5876320004463196 0.11210298538208008 0.12566101551055908
17 0.26277297735214233 0.7762899994850159 0.10094201564788818 0.12136198580265045
17 0.42398303747177124 0.776951014995575 0.09052598476409912 0.11408701539039612
17 0.5679559707641602 0.776951014995575 0.09375 0.12268498539924622
17 0.694815993309021 0.7757940292358398 0.08010900020599365 0.11177200078964233
17 0.5019840002059937 0.9432870149612427 0.0927579402923584 0.11011900007724762
17 0.33395299315452576 0.9432870149612427 0.0895339846611023 0.10548900067806244
