17 0.026255613192915916 0.0022428249940276146 0.05251122638583183 0.004485649988055229
17 0.28934386372566223 0.0698847621679306 0.12574848532676697 0.1397695243358612
17 0.19000592827796936 0.18708550930023193 0.1203605979681015 0.16043245792388916
17 0.08255316317081451 0.3081313371658325 0.13132888078689575 0.17505834996700287
17 0.1764625757932663 0.4580531418323517 0.1324034482240677 0.17649242281913757
17 0.28428035974502563 0.3374926447868347 0.12426286935806274 0.1656503528356552
17 0.36924952268600464 0.20026981830596924 0.11972980201244354 0.1596153825521469
17 0.46068868041038513 0.37150272727012634 0.12478937208652496 0.16635574400424957
17 0.36338916420936584 0.4913851022720337 0.12009555101394653 0.16010165214538574
17 0.2533569633960724 0.615149974822998 0.12251601368188858 0.1633548140525818
17 0.3649861514568329 0.7399179339408875 0.11420292407274246 0.15228067338466644
17 0.47771427035331726 0.599163830280304 0.11893269419670105 0.15857313573360443
17 0.5800499320030212 0.47911790013313293 0.12085659056901932 0.16110539436340332
17 0.7774883508682251 0.5195677876472473 0.12011109292507172 0.16011826694011688
17 0.8812858462333679 0.6689220070838928 0.1340995728969574 0.17878121137619019
17 0.671048104763031 0.634392499923706 0.12304805219173431 0.16406622529029846
17 0.7614161968231201 0.806329607963562 0.15626589953899384 0.2083263397216797
17 0.5658515095710754 0.7560738325119019 0.12223546952009201 0.163007453083992
17 0.4554705321788788 0.8975830078125 0.13169091939926147 0.17558826506137848
17 0.5459984540939331 0.9879576563835144 0.13755179941654205 0.024084679782390594
