16 0.254464715719223 0.04885033145546913 0.34551724791526794 0.09770066291093826
16 0.0014460728270933032 0.8239943981170654 0.0028921456541866064 0.13892516493797302
16 0.003047606674954295 0.6961413621902466 0.00609521334990859 0.5337602496147156
16 0.6364611387252808 0.34463971853256226 0.14714184403419495 0.22474375367164612
16 0.4826260507106781 0.3668612837791443 0.109728142619133 0.1487848162651062
16 0.4376441240310669 0.5225949287414551 0.14292727410793304 0.15063926577568054
16 0.43175649642944336 0.6506863236427307 0.10046232491731644 0.14737431704998016
16 0.5413309335708618 0.7160582542419434 0.10145923495292664 0.1442060023546219
16 0.6279804706573486 0.7929604649543762 0.11704940348863602 0.18469414114952087
15 0.1851271241903305 0.812345027923584 0.10960287600755692 0.16524584591388702
15 0.3630368411540985 0.6448185443878174 0.09147555381059647 0.13408982753753662
15 0.04516866058111191 0.8026336431503296 0.09033732116222382 0.13892516493797302
15 0.3265046179294586 0.33156079053878784 0.34551724791526794 0.5808554291725159
15 0.6936215758323669 0.2155340313911438 0.3083674907684326 0.4310680627822876
