17 0.6870830059051514 0.9693750143051147 0.06416702270507812 0.054999999701976776
17 0.699167013168335 0.9125000238418579 0.08333301544189453 0.04874999821186066
17 0.7129169702529907 0.8525000214576721 0.07083302736282349 0.05375000834465027
17 0.7270829677581787 0.7912499904632568 0.07583300769329071 0.05125001072883606
17 0.7608330249786377 0.7253130078315735 0.07999998331069946 0.058125004172325134
17 0.7658330202102661 0.6575000286102295 0.07000000774860382 0.047500014305114746
17 0.7825000286102295 0.5818749666213989 0.08833301067352295 0.0625
17 0.8112499713897705 0.5084370374679565 0.07749998569488525 0.06562501192092896
17 0.832082986831665 0.4281250238418579 0.0708329975605011 0.059999942779541016
17 0.8529170155525208 0.34843701124191284 0.08583299070596695 0.06062495708465576
17 0.8616670370101929 0.25437498092651367 0.086667001247406 0.0625
17 0.8841670155525208 0.15843802690505981 0.1033329963684082 0.06687498092651367
17 0.9037500023841858 0.053438007831573486 0.10249999165534973 0.06562495231628418
17 0.5900000333786011 0.9831249713897705 0.04333299398422241 0.032499998807907104
17 0.6016669869422913 0.9384379982948303 0.07166701555252075 0.05687500536441803
17 0.619583010673523 0.8853129744529724 0.06749999523162842 0.06562499701976776
17 0.6358330249786377 0.8221870064735413 0.06000000238418579 0.05812498927116394
17 0.6579170227050781 0.7581250071525574 0.05916702747344971 0.05500000715255737
17 0.6762499809265137 0.6959370374679565 0.07416701316833496 0.056874990463256836
17 0.6895830035209656 0.6187499761581421 0.06749999523162842 0.07375001907348633
17 0.7041670083999634 0.5481250286102295 0.06833302974700928 0.05500000715255737
17 0.7220829725265503 0.46687501668930054 0.07749998569488525 0.0625
17 0.7420830130577087 0.38499999046325684 0.08583301305770874 0.059999942779541016
17 0.7533329725265503 0.2940629720687866 0.08333301544189453 0.05937504768371582
17 0.7654169797897339 0.19843798875808716 0.06916698813438416 0.06062495708465576
17 0.7841669917106628 0.1015620231628418 0.07500001788139343 0.0706249475479126
17 0.6720830202102661 0.025937259197235107 0.100832998752594 0.051874518394470215
17 0.6666669845581055 0.14249998331069946 0.08499997854232788 0.06499993801116943
17 0.6525000333786011 0.24156302213668823 0.0733330249786377 0.06437504291534424
17 0.6370829939842224 0.3359379768371582 0.07749998569488525 0.06562495231628418
17 0.6279169917106628 0.42531198263168335 0.06749999523162842 0.061874985694885254
17 0.6137499809265137 0.5103130340576172 0.06749999523162842 0.059374988079071045
17 0.6058329939842224 0.5893750190734863 0.06000000238418579 0.05624997615814209
17 0.5850000381469727 0.6575000286102295 0.06499999761581421 0.0625
17 0.574999988079071 0.7281249761581421 0.07666701078414917 0.06125001609325409
17 0.567916989326477 0.7906249761581421 0.06749999523162842 0.05500000715255737
17 0.5441670417785645 0.8509380221366882 0.07499998807907104 0.05687499791383743
17 0.5275000333786011 0.9118750095367432 0.07333299517631531 0.051249995827674866
17 0.525833010673523 0.9646880030632019 0.07000002264976501 0.051875002682209015
17 0.44416701793670654 0.9403129816055298 0.06500005722045898 0.05062500387430191
17 0.4520829916000366 0.882187008857727 0.060832977294921875 0.0481250062584877
17 0.4554169774055481 0.8218749761581421 0.07083296775817871 0.05750000476837158
17 0.48500001430511475 0.7578120231628418 0.07500001788139343 0.06062501668930054
17 0.4937499761581421 0.6937500238418579 0.08083298802375793 0.046249985694885254
17 0.4954169988632202 0.6200000047683716 0.06916701793670654 0.05374997854232788
17 0.5158330202102661 0.5462499856948853 0.08166700601577759 0.06124997138977051
17 0.5254170298576355 0.4612500071525574 0.06916698813438416 0.05624997615814209
17 0.5337499976158142 0.3762500286102295 0.08583298325538635 0.059999942779541016
17 0.5395829677581787 0.28187501430511475 0.08583301305770874 0.06375002861022949
17 0.5466669797897339 0.1850000023841858 0.09166699647903442 0.06375002861022949
17 0.5595830082893372 0.07468801736831665 0.100832998752594 0.07562506198883057
17 0.42750000953674316 0.32249999046325684 0.07500004768371582 0.07124996185302734
17 0.3116670250892639 0.36250001192092896 0.08166694641113281 0.06875002384185791
17 0.4229170083999634 0.41624999046325684 0.06749999523162842 0.06500005722045898
17 0.3062499761581421 0.4540629982948303 0.07083296775817871 0.06062495708465576
17 0.41874998807907104 0.5024999976158142 0.06916701793670654 0.06749999523162842
17 0.30458301305770874 0.5390620231628418 0.06749999523162842 0.05812501907348633
17 0.4049999713897705 0.5821880102157593 0.08333301544189453 0.05812501907348633
17 0.29750001430511475 0.6134380102157593 0.0700000524520874 0.05437499284744263
17 0.3974999785423279 0.660938024520874 0.07500004768371582 0.04937499761581421
17 0.2920830249786377 0.6840629577636719 0.07916700839996338 0.06812500953674316
17 0.3916670083999634 0.7259379625320435 0.07166695594787598 0.056874990463256836
17 0.2887499928474426 0.757811963558197 0.07083296775817871 0.058125004172325134
17 0.3737499713897705 0.7918750047683716 0.08249998092651367 0.052500009536743164
17 0.37208300828933716 0.8600000143051147 0.07916700839996338 0.05625000596046448
17 0.2795829772949219 0.8853129744529724 0.08083295822143555 0.05937500298023224
17 0.35791701078414917 0.9137499928474426 0.0841670036315918 0.05499999597668648
17 0.2666670083999634 0.944687008857727 0.0549999475479126 0.050624996423721313
17 0.35291701555252075 0.9668750166893005 0.08083295822143555 0.06499999761581421
17 0.1970829963684082 0.975937008857727 0.07916700839996338 0.04437499865889549
17 0.09791702032089233 0.9424999952316284 0.06749999523162842 0.054999999701976776
17 0.18458300828933716 0.9131249785423279 0.06916701793670654 0.04500000178813934
17 0.1912500262260437 0.8543750047683716 0.07583296298980713 0.05250000208616257
17 0.09500002861022949 0.8256250023841858 0.0733330249786377 0.05625000596046448
17 0.09708297252655029 0.8818749785423279 0.07249999046325684 0.056249991059303284
17 0.1875 0.7953130006790161 0.06333303451538086 0.04937499761581421
17 0.09375 0.752187967300415 0.05916702747344971 0.05187499523162842
17 0.19041699171066284 0.7206250429153442 0.07749998569488525 0.052500009536743164
17 0.18708300590515137 0.6506249904632568 0.07083296775817871 0.052500009536743164
17 0.09041702747344971 0.6068750023841858 0.07916700839996338 0.0625
17 0.19541698694229126 0.5746879577636719 0.08749997615814209 0.06062501668930054
17 0.19291698932647705 0.4865630269050598 0.08749997615814209 0.06562498211860657
17 0.08958297967910767 0.5318750143051147 0.06749999523162842 0.052500009536743164
17 0.07666701078414917 0.44468802213668823 0.09333300590515137 0.05937504768371582
17 0.17833298444747925 0.3999999761581421 0.08500003814697266 0.05124998092651367
