17 0.1956849992275238 0.6699739694595337 0.1011900007724762 0.17129600048065186
17 0.4097220003604889 0.6210319995880127 0.1130949854850769 0.16269803047180176
17 0.39570900797843933 0.3981480002403259 0.10689502954483032 0.16798901557922363
17 0.3272570073604584 0.07870399951934814 0.12723201513290405 0.15740704536437988
17 0.5818449854850769 0.4743720293045044 0.10565495491027832 0.14517199993133545
17 0.437252014875412 0.8424270153045654 0.09920603036880493 0.1709659993648529
17 0.6308280229568481 0.8108469843864441 0.10044598579406738 0.17394199967384338
17 0.812995970249176 0.39170002937316895 0.11111104488372803 0.14384901523590088
17 0.8669390082359314 0.8019180297851562 0.10689496994018555 0.18849200010299683
15 0.880952000617981 0.2572749853134155 0.23809504508972168 0.2658729553222656
15 0.8454859852790833 0.14054223895072937 0.2857140302658081 0.28108447790145874
15 0.7121779918670654 0.0750659704208374 0.22197401523590088 0.1501319408416748
16 0.9403520226478577 0.8993059992790222 0.11532700061798096 0.14649498462677002
