15 0.0077909748069942 0.07064411789178848 0.0155819496139884 0.14128823578357697
15 0.012743961066007614 0.01925165392458439 0.02548792213201523 0.03850330784916878
15 0.00831997487694025 0.07823766022920609 0.0166399497538805 0.12094438821077347
15 0.0007321529556065798 0.013957000337541103 0.0014643059112131596 0.027914000675082207
15 0.04010003060102463 0.8422979116439819 0.08020006120204926 0.08173947036266327
16 0.14985010027885437 0.95099937915802 0.12688572704792023 0.0971873328089714
16 0.023735662922263145 0.9176149368286133 0.04747132584452629 0.10804655402898788
16 0.10211027413606644 0.9887326955795288 0.11586233228445053 0.022534608840942383
16 0.03148960322141647 0.9994701147079468 0.06297920644283295 0.0010598282096907496
16 0.15813283622264862 0.31418943405151367 0.31626567244529724 0.3145439028739929
17 0.16409412026405334 0.24999208748340607 0.3281882405281067 0.29149481654167175
17 0.2937435209751129 0.260571151971817 0.3899582624435425 0.30998003482818604
17 0.41422995924949646 0.273575097322464 0.3879470229148865 0.3062900900840759
17 0.6245661377906799 0.29859137535095215 0.36924633383750916 0.2923864722251892
17 0.03188176825642586 0.2293330729007721 0.06376353651285172 0.10850588977336884
17 0.061085570603609085 0.16413657367229462 0.12217114120721817 0.12094438821077347
17 0.194639652967453 0.18731319904327393 0.16339558362960815 0.12867701053619385
17 0.3290092647075653 0.17086893320083618 0.14141923189163208 0.1078718826174736
17 0.5167444348335266 0.1934969425201416 0.12208811938762665 0.09421133249998093
17 0.06193298473954201 0.4317329227924347 0.12386596947908401 0.09537199139595032
17 0.20417076349258423 0.527009129524231 0.1292397528886795 0.09964360296726227
17 0.2981948256492615 0.4913519024848938 0.13533757627010345 0.10434774309396744
17 0.328775018453598 0.4069638252258301 0.13611029088497162 0.10571134090423584
17 0.3410411477088928 0.6251869797706604 0.10665962100028992 0.08173947036266327
