15 0.6693120002746582 0.11049100011587143 0.29629600048065186 0.1639380007982254
15 0.3946760296821594 0.14558500051498413 0.38260602951049805 0.24702399969100952
15 0.7281749844551086 0.27653801441192627 0.40806901454925537 0.09275799989700317
15 0.6512899994850159 0.34883400797843933 0.4097219705581665 0.13368099927902222
15 0.3240739703178406 0.44804099202156067 0.3710319995880127 0.08606201410293579
15 0.4915670156478882 0.5612599849700928 0.3581349849700928 0.10118997097015381
15 0.5572090148925781 0.616195023059845 0.3968249559402466 0.0776289701461792
15 0.5677909851074219 0.7079610228538513 0.4384920597076416 0.10143804550170898
15 0.5505949854850769 0.8049359917640686 0.375 0.09052598476409912
15 0.4773480296134949 0.9041420221328735 0.3693779706954956 0.10342299938201904
16 0.5714290142059326 0.1600939929485321 0.1124340295791626 0.06473201513290405
16 0.25363802909851074 0.23177100718021393 0.10052895545959473 0.09151801466941833
16 0.32473498582839966 0.29439499974250793 0.08201098442077637 0.06349200010299683
16 0.5972219705581665 0.2690970003604889 0.1005290150642395 0.058036014437675476
16 0.4937170147895813 0.3206849992275238 0.09788405895233154 0.0625
16 0.3908730149269104 0.35788699984550476 0.09060800075531006 0.08085298538208008
16 0.18105202913284302 0.4646579921245575 0.09358501434326172 0.08308500051498413
16 0.35995399951934814 0.5445190072059631 0.09490704536437988 0.07217299938201904
16 0.40178602933883667 0.6329370141029358 0.08597898483276367 0.06795597076416016
16 0.37946397066116333 0.6928319931030273 0.07903397083282471 0.06671595573425293
16 0.38872402906417847 0.7914190292358398 0.08631002902984619 0.0615079402923584
16 0.3313490152359009 0.8960809707641602 0.09193098545074463 0.07242095470428467
