16 0.34821397066116333 0.2852180004119873 0.07986104488372803 0.15244698524475098
16 0.25607597827911377 0.3240739703178406 0.10243105888366699 0.16402101516723633
16 0.1636899709701538 0.4032739996910095 0.09920597076416016 0.1636899709701538
15 0.47383397817611694 0.43551599979400635 0.3117560148239136 0.38954997062683105
15 0.3427579998970032 0.4715610146522522 0.28025805950164795 0.47883594036102295
15 0.2688490152359009 0.5714290142059326 0.25545597076416016 0.46560800075531006
17 0.4813989996910095 0.1329370141029358 0.13492098450660706 0.16666698455810547
17 0.6803079843521118 0.3369709849357605 0.11656701564788818 0.14087295532226562
17 0.7800099849700928 0.5763890147209167 0.11111101508140564 0.14814794063568115
17 0.9608129858970642 0.7526459693908691 0.0778769999742508 0.14682501554489136
