15 0.8528463840484619 0.02712070755660534 0.2943071722984314 0.05424141511321068
15 0.05037103220820427 0.11763141304254532 0.10074206441640854 0.17762330174446106
15 0.029891394078731537 0.2242523729801178 0.059782788157463074 0.18717703223228455
15 0.012959251180291176 0.3395768105983734 0.02591850236058235 0.19604438543319702
15 0.048298418521881104 0.1275409311056137 0.09659683704376221 0.10578960925340652
15 0.027493605390191078 0.23412564396858215 0.054987210780382156 0.1066066101193428
15 0.005041946191340685 0.3580476939678192 0.01008389238268137 0.09891652315855026
15 0.26777681708335876 0.18374212086200714 0.2787077724933624 0.17762330174446106
15 0.22737757861614227 0.29059848189353943 0.27976977825164795 0.18717703223228455
15 0.1783357411623001 0.40366286039352417 0.2891765832901001 0.19604438543319702
15 0.13814829289913177 0.512021541595459 0.27629658579826355 0.17345350980758667
15 0.11780582368373871 0.6270109415054321 0.23561164736747742 0.19083882868289948
15 0.5401790142059326 0.13795116543769836 0.2755172550678253 0.1781783103942871
15 0.47200340032577515 0.24853791296482086 0.26373422145843506 0.1610272377729416
15 0.4334701895713806 0.3517616391181946 0.2777520418167114 0.16156592965126038
15 0.394754022359848 0.4687049686908722 0.2718076705932617 0.1773778647184372
15 0.3473300337791443 0.5747801065444946 0.2662968933582306 0.16562077403068542
15 0.30318278074264526 0.6833974719047546 0.2640083134174347 0.15704578161239624
15 0.26603174209594727 0.7894879579544067 0.2728661000728607 0.17387589812278748
15 0.774545431137085 0.16852571070194244 0.3017452657222748 0.19906656444072723
16 0.7315186858177185 0.2883911430835724 0.2809228301048279 0.1672230064868927
16 0.6710779666900635 0.40468329191207886 0.27963152527809143 0.17533564567565918
16 0.6231718063354492 0.5267978310585022 0.2792559564113617 0.16966047883033752
16 0.5734614729881287 0.6428367495536804 0.2839004695415497 0.1504598706960678
16 0.5269765257835388 0.7412258982658386 0.2609076499938965 0.14270147681236267
16 0.4891703426837921 0.8557970523834229 0.278438925743103 0.16544358432292938
16 0.48059818148612976 0.9472095370292664 0.25666168332099915 0.10558094084262848
16 0.19952313601970673 0.16332736611366272 0.1258503496646881 0.10578960925340652
16 0.15353359282016754 0.2675107717514038 0.11235257983207703 0.1066066101193428
16 0.10209359228610992 0.3895961344242096 0.10840192437171936 0.09891652315855026
16 0.07276776432991028 0.49407321214675903 0.12648624181747437 0.11214324086904526
16 0.04474227875471115 0.601142406463623 0.0894845575094223 0.10873497277498245
16 0.19618570804595947 0.7775358557701111 0.12741009891033173 0.10985568910837173
16 0.22982029616832733 0.6778407096862793 0.11205562949180603 0.10374543815851212
16 0.2706398367881775 0.5646530985832214 0.1192978173494339 0.12053798139095306
16 0.313313752412796 0.4518668055534363 0.10342338681221008 0.11307214945554733
16 0.3699796497821808 0.33494433760643005 0.11259850859642029 0.11194372177124023
16 0.41109612584114075 0.2185189127922058 0.10566135495901108 0.10951447486877441
16 0.47200852632522583 0.11608761548995972 0.1138196811079979 0.1125183030962944
