16 0.027517005801200867 0.30170324444770813 0.05503401160240173 0.111457958817482
16 0.03192390128970146 0.4186135232448578 0.06384780257940292 0.09801940619945526
16 0.03230200707912445 0.198833167552948 0.0646040141582489 0.3052375614643097
16 0.02553093060851097 0.32555827498435974 0.05106186121702194 0.21079416573047638
16 0.18553388118743896 0.3197516202926636 0.08853373676538467 0.111457958817482
16 0.2900567650794983 0.29268476366996765 0.09447377920150757 0.10176119208335876
16 0.18756817281246185 0.43849578499794006 0.13760827481746674 0.09801940619945526
16 0.34563902020454407 0.4607061445713043 0.08540337532758713 0.07888024300336838
16 0.5126364827156067 0.5180885195732117 0.11324704438447952 0.09444620460271835
15 0.434964656829834 0.5415070056915283 0.11178765445947647 0.11729609221220016
15 0.3140757083892822 0.7936499714851379 0.09992919117212296 0.09439262002706528
15 0.3736247420310974 0.8340487480163574 0.09895814955234528 0.10433925688266754
15 0.4553316831588745 0.8949306011199951 0.10649143159389496 0.11674914509057999
15 0.25746631622314453 0.23058663308620453 0.2292279452085495 0.3052375614643097
15 0.37940865755081177 0.23274517059326172 0.2654804289340973 0.26297903060913086
15 0.3039856553077698 0.3685075640678406 0.3259289264678955 0.21079416573047638
15 0.4508756697177887 0.4105684459209442 0.34455516934394836 0.18495747447013855
15 0.6212961673736572 0.56007981300354 0.34145286679267883 0.15819860994815826
17 0.5340412855148315 0.608195960521698 0.30920112133026123 0.20536452531814575
17 0.37181633710861206 0.7141239643096924 0.1960945427417755 0.2732624411582947
17 0.45298367738723755 0.770802915096283 0.24095208942890167 0.25119319558143616
17 0.5553603172302246 0.8157584071159363 0.29211995005607605 0.2577992081642151
17 0.5497144460678101 0.10370345413684845 0.08914147317409515 0.0792662650346756
17 0.48870721459388733 0.22597049176692963 0.09357946366071701 0.08104639500379562
17 0.6741830706596375 0.2619818150997162 0.08750136941671371 0.08835064619779587
17 0.8890285491943359 0.3022312521934509 0.09116220474243164 0.08740690350532532
17 0.714665949344635 0.38242238759994507 0.09225684404373169 0.07958800345659256
17 0.793412446975708 0.4726991653442383 0.093440480530262 0.07865279167890549
17 0.909619152545929 0.6167465448379517 0.08709961920976639 0.08143463730812073
