17 0.06386400014162064 0.6471560001373291 0.12723200023174286 0.1898149847984314
17 0.32155299186706543 0.7055220007896423 0.1445930004119873 0.2080029845237732
15 0.40873000025749207 0.3566470146179199 0.4761900305747986 0.263558030128479
15 0.665922999382019 0.4307209849357605 0.4384920299053192 0.36673298478126526
15 0.5731649994850159 0.6921300292015076 0.41765904426574707 0.4160049557685852
15 0.5339779853820801 0.1522819995880127 0.5054559707641602 0.236441969871521
16 0.5523309707641602 0.3197749853134155 0.1552579700946808 0.18584704399108887
16 0.814732015132904 0.3267199993133545 0.11855196952819824 0.2248680591583252
16 0.7047370076179504 0.5656419992446899 0.1366569995880127 0.16765901446342468
16 0.6526539921760559 0.825892984867096 0.10639894008636475 0.1312830150127411
16 0.7444199919700623 0.7673609852790833 0.11036694049835205 0.14186498522758484
16 0.6898559927940369 0.19179898500442505 0.12326395511627197 0.13624298572540283
