15 0.5519180297851562 0.14347699284553528 0.18253999948501587 0.27504998445510864
15 0.5563820004463196 0.8793399930000305 0.1709660291671753 0.24131906032562256
15 0.5813490152359009 0.36098700761795044 0.43386203050613403 0.11135900020599365
15 0.5641529560089111 0.5127729773521423 0.4801589846611023 0.12723198533058167
15 0.5578700304031372 0.631820023059845 0.46428602933883667 0.1133430004119873
15 0.5567130446434021 0.7349950075149536 0.34556901454925537 0.06919598579406738
16 0.544808030128479 0.050099000334739685 0.07903403043746948 0.09275799989700317
16 0.5658069849014282 0.970982015132904 0.08333301544189453 0.058035969734191895
16 0.3822749853134155 0.3049359917640686 0.04828000068664551 0.030009984970092773
16 0.37648797035217285 0.33407700061798096 0.04861104488372803 0.03422600030899048
16 0.4029430150985718 0.37748000025749207 0.07440495491027832 0.04117101430892944
16 0.4090610146522522 0.4260909855365753 0.07804203033447266 0.047618985176086426
16 0.39914000034332275 0.4678820073604584 0.08399498462677002 0.05381900072097778
16 0.3850859999656677 0.522445023059845 0.09623003005981445 0.06473198533058167
16 0.38888901472091675 0.5731649994850159 0.09589898586273193 0.057540059089660645
16 0.378803014755249 0.6418650150299072 0.10482800006866455 0.07390904426574707
16 0.3723539710044861 0.6768350005149841 0.05555593967437744 0.04017901420593262
16 0.3801259994506836 0.7007690072059631 0.10085999965667725 0.046875
16 0.41220200061798096 0.734870970249176 0.06051599979400635 0.04117095470428467
