15 0.9812663793563843 0.0019818146247416735 0.03746727481484413 0.003963629249483347
15 0.08254605531692505 0.09085655957460403 0.1650921106338501 0.18171311914920807
15 0.03421192243695259 0.05653985217213631 0.06842384487390518 0.11307970434427261
15 0.10155501961708069 0.07486274838447571 0.20311003923416138 0.14972549676895142
15 0.3952403664588928 0.3196360170841217 0.2966603934764862 0.4704172611236572
15 0.47374260425567627 0.4215250313282013 0.29545873403549194 0.47357937693595886
16 0.4894953966140747 0.6247004866600037 0.4368668496608734 0.6860920786857605
16 0.5976966023445129 0.6889774203300476 0.4102582633495331 0.6220451593399048
16 0.6503759026527405 0.7425776720046997 0.471418559551239 0.5148447155952454
16 0.3817417323589325 0.2470017671585083 0.26061663031578064 0.4145984649658203
16 0.446501225233078 0.13173916935920715 0.10755700618028641 0.15872377157211304
16 0.478881299495697 0.1751234233379364 0.11852548271417618 0.1712496280670166
16 0.5181556344032288 0.2174391746520996 0.11820579320192337 0.1730419099330902
16 0.5614861249923706 0.28779831528663635 0.10829952359199524 0.15813858807086945
