15 0.32998499274253845 0.5436509847640991 0.16493099927902222 0.5886240005493164
15 0.4655260145664215 0.4231150150299072 0.15277796983718872 0.6121029853820801
15 0.7139139771461487 0.41732800006866455 0.21602201461791992 0.7347879409790039
15 0.8878970146179199 0.5153769850730896 0.19593298435211182 0.5942460298538208
15 0.20597699284553528 0.31696397066116333 0.3008430004119873 0.568452000617981
15 0.6060270071029663 0.35648101568222046 0.15352201461791992 0.6243389844894409
16 0.09226199984550476 0.5329030156135559 0.10069400072097778 0.1749340295791626
16 0.31398800015449524 0.7387570142745972 0.1329370141029358 0.19841301441192627
16 0.4655260145664215 0.6770830154418945 0.09821397066116333 0.1643519401550293
16 0.5963540077209473 0.6205360293388367 0.0815969705581665 0.1471560001373291
16 0.6684030294418335 0.7094910144805908 0.10069394111633301 0.17824101448059082
16 0.7312750220298767 0.6727839708328247 0.07118093967437744 0.1068120002746582
16 0.8488339781761169 0.7458660006523132 0.09350204467773438 0.15707695484161377
