15 0.600197970867157 0.18923598527908325 0.7466930150985718 0.21279799938201904
15 0.6051589846611023 0.37028801441192627 0.7777780294418335 0.17509901523590088
15 0.6018519997596741 0.5447670221328735 0.7863759994506836 0.17981195449829102
15 0.6094580292701721 0.719618022441864 0.7519840002059937 0.18725204467773438
15 0.6254960298538208 0.9050099849700928 0.7483469843864441 0.18998003005981445
16 0.8500329852104187 0.1839039921760559 0.24107101559638977 0.11929595470428467
16 0.8045629858970642 0.24826398491859436 0.18253998458385468 0.08482104539871216
16 0.8088619709014893 0.3975690007209778 0.16335999965667725 0.08234107494354248
16 0.8769840002059937 0.3591269850730896 0.23148101568222046 0.10466301441192627
16 0.8766530156135559 0.5343499779701233 0.2175929844379425 0.09994995594024658
16 0.875 0.7160220146179199 0.24669301509857178 0.10813498497009277
16 0.8215939998626709 0.8307290077209473 0.1994050145149231 0.09449398517608643
16 0.8819440007209778 0.912697970867157 0.23478800058364868 0.14484095573425293
