19 0.009295787662267685 0.024228258058428764 0.01859157532453537 0.04845651611685753
19 0.0007469645934179425 0.04705877602100372 0.001493929186835885 0.09411755204200745
19 0.8213240504264832 0.7607344388961792 0.17150664329528809 0.22941438853740692
19 0.7056969404220581 0.6359921097755432 0.1648794412612915 0.2245354801416397
19 0.5959656238555908 0.5405467748641968 0.1719042956829071 0.22763873636722565
19 0.4993627369403839 0.4364806115627289 0.1607508510351181 0.21105413138866425
19 0.39609047770500183 0.3408704400062561 0.1577196568250656 0.20893877744674683
15 0.2992841899394989 0.2519967257976532 0.15613092482089996 0.2051311582326889
15 0.19345924258232117 0.15852849185466766 0.16809441149234772 0.22469140589237213
15 0.7665561437606812 0.737328052520752 0.24945591390132904 0.30419325828552246
15 0.6781076788902283 0.643419623374939 0.2055513858795166 0.2780410051345825
15 0.5796604752540588 0.5582587122917175 0.17341043055057526 0.24245023727416992
15 0.488471120595932 0.46593621373176575 0.1666240394115448 0.23776057362556458
15 0.3800756633281708 0.3639541268348694 0.1567164808511734 0.2271323800086975
