17 0.626297652721405 0.019396359100937843 0.22952164709568024 0.03879271820187569
17 0.8909936547279358 0.028376737609505653 0.21801269054412842 0.05675347521901131
17 0.052685290575027466 0.05654939264059067 0.10537058115005493 0.11309878528118134
17 0.594347357749939 0.0628756657242775 0.22952164709568024 0.125751331448555
17 0.25582098960876465 0.006354586221277714 0.2495061755180359 0.012709172442555428
17 0.9889389276504517 0.3467733860015869 0.022122129797935486 0.20292869210243225
17 0.12401678413152695 0.08685684949159622 0.148304283618927 0.17371369898319244
17 0.4157746136188507 0.18602906167507172 0.2355359047651291 0.2571466565132141
17 0.7591841220855713 0.30916085839271545 0.23586392402648926 0.26125940680503845
17 0.9031956791877747 0.6221044659614563 0.19360868632793427 0.2553943693637848
17 0.5789698958396912 0.5095836520195007 0.2035609483718872 0.22616146504878998
17 0.22062137722969055 0.3677316904067993 0.2311077117919922 0.2650623321533203
