17 0.9323203563690186 0.4970357120037079 0.13535933196544647 0.23676250874996185
17 0.7081066966056824 0.34174782037734985 0.1862257868051529 0.2614000141620636
15 0.5475555658340454 0.6557573080062866 0.5222562551498413 0.4417853355407715
15 0.31223344802856445 0.48503708839416504 0.507706344127655 0.5301520228385925
15 0.45934388041496277 0.2728745937347412 0.49799245595932007 0.5457491874694824
15 0.3810191750526428 0.7993848323822021 0.5449967384338379 0.4012303948402405
16 0.39926669001579285 0.6382272243499756 0.19186122715473175 0.24339377880096436
16 0.14435425400733948 0.532292366027832 0.16442222893238068 0.2683423161506653
16 0.30345070362091064 0.3362279236316681 0.16975583136081696 0.21828828752040863
16 0.41056427359580994 0.09709887206554413 0.13233038783073425 0.17069794237613678
16 0.30824849009513855 0.12066906690597534 0.13849374651908875 0.18271781504154205
16 0.2372349500656128 0.7135809659957886 0.149881973862648 0.18199476599693298
