15 0.10014757513999939 0.006031125318259001 0.20029515027999878 0.012062250636518002
15 0.13846556842327118 0.026322349905967712 0.1378081738948822 0.052644699811935425
15 0.019893934950232506 0.704694926738739 0.03978786990046501 0.3134180009365082
15 0.09907975047826767 0.895648717880249 0.19815950095653534 0.20870259404182434
16 0.3620477616786957 0.5670989155769348 0.42481425404548645 0.734175443649292
16 0.4548945426940918 0.435558557510376 0.34879907965660095 0.6534048914909363
16 0.6091278195381165 0.4391322433948517 0.382766455411911 0.7051858305931091
16 0.6860121488571167 0.1890062540769577 0.3174363076686859 0.3780125081539154
16 0.27356064319610596 0.37327757477760315 0.18522191047668457 0.2664249539375305
16 0.25031599402427673 0.22985486686229706 0.1378081738948822 0.19689495861530304
16 0.38303378224372864 0.2528313994407654 0.17194165289402008 0.2660124897956848
16 0.47201526165008545 0.11141040176153183 0.13198883831501007 0.18755438923835754
16 0.5527161359786987 0.18232908844947815 0.16761429607868195 0.23918987810611725
17 0.6651952266693115 0.01124002505093813 0.13655856251716614 0.02248005010187626
