15 0.16269800066947937 0.21292200684547424 0.12367700785398483 0.2566959857940674
15 0.2761240005493164 0.1945679932832718 0.1005290150642395 0.25223198533058167
15 0.3875660002231598 0.19779300689697266 0.13359802961349487 0.2522319555282593
15 0.4953700006008148 0.18874000012874603 0.11640197038650513 0.25545600056648254
15 0.604000985622406 0.19407197833061218 0.14649498462677002 0.2686010003089905
15 0.7218919992446899 0.195063978433609 0.10648095607757568 0.2576879858970642
15 0.16749300062656403 0.46738600730895996 0.12797600030899048 0.26314496994018555
15 0.27695098519325256 0.4404760003089905 0.11078000068664551 0.2589290142059326
15 0.3875660002231598 0.44804102182388306 0.11640197038650513 0.26760903000831604
15 0.507606029510498 0.44742101430892944 0.09788396954536438 0.2534719705581665
15 0.6097880005836487 0.4459329843521118 0.12367701530456543 0.2415669858455658
15 0.7255290150642395 0.453993022441864 0.09920597076416016 0.2467760145664215
15 0.8354830145835876 0.45176100730895996 0.10615098476409912 0.2512400150299072
15 0.9565147161483765 0.7273070216178894 0.0869705080986023 0.2740579843521118
15 0.7341269850730896 0.7100690007209778 0.125 0.27827394008636475
15 0.6117720007896423 0.7144100069999695 0.1164020299911499 0.2805060148239136
15 0.5011569857597351 0.7230899930000305 0.1193779706954956 0.2824900150299072
15 0.3869050145149231 0.7261899709701538 0.11772501468658447 0.2802579402923584
15 0.2711640000343323 0.734870970249176 0.1335979849100113 0.28670597076416016
15 0.14533700048923492 0.7300350069999695 0.1464950144290924 0.2750500440597534
16 0.15178599953651428 0.1212799996137619 0.07936500757932663 0.09077399969100952
16 0.2739750146865845 0.11966799944639206 0.07308198511600494 0.09796600043773651
16 0.3845899999141693 0.10887899994850159 0.08201098442077637 0.09375
16 0.4990079998970032 0.10243099927902222 0.08597898483276367 0.08283699303865433
16 0.6112759709358215 0.10515899956226349 0.07771193981170654 0.0863099992275238
16 0.7152780294418335 0.10788699984550476 0.08201098442077637 0.08730199933052063
16 0.8396160006523132 0.3628470003604889 0.07473504543304443 0.06894797086715698
16 0.724702000617981 0.34883400797843933 0.08035695552825928 0.07762902975082397
16 0.6226850152015686 0.3428820073604584 0.10052895545959473 0.08308500051498413
16 0.50975501537323 0.3547869920730591 0.08498701453208923 0.0786210298538208
16 0.3989750146865845 0.3504459857940674 0.09623003005981445 0.06795597076416016
16 0.28042298555374146 0.3477180004119873 0.1005290150642395 0.09077399969100952
16 0.1749339997768402 0.3720239996910095 0.10780400037765503 0.06993997097015381
16 0.16832000017166138 0.6280999779701233 0.10383599996566772 0.09250998497009277
16 0.26967599987983704 0.6340529918670654 0.11673301458358765 0.09151804447174072
16 0.3740079998970032 0.6206600069999695 0.10648101568222046 0.0776289701461792
16 0.5061179995536804 0.6303319931030273 0.08631002902984619 0.09697401523590088
16 0.6256610155105591 0.6168149709701538 0.08333301544189453 0.09176599979400635
16 0.7390869855880737 0.6183040142059326 0.0892859697341919 0.0927579402923584
16 0.9608129858970642 0.6271079778671265 0.07837295532226562 0.08407700061798096
