19 0.9414247274398804 0.06797635555267334 0.11715057492256165 0.13595271110534668
19 0.9238998889923096 0.009980556555092335 0.15220016241073608 0.01996111311018467
19 0.8245770931243896 0.05677735060453415 0.3508458435535431 0.1135547012090683
19 0.9480958580970764 0.08043008297681808 0.10380826890468597 0.16086016595363617
16 0.015502081252634525 0.1412040889263153 0.03100416250526905 0.15188288688659668
16 0.08897364139556885 0.05393604561686516 0.1779472827911377 0.10787209123373032
16 0.06432029604911804 0.12439975142478943 0.12864059209823608 0.24879950284957886
16 0.21682561933994293 0.07277584820985794 0.43365123867988586 0.14555169641971588
16 0.07102293521165848 0.7035219669342041 0.14204587042331696 0.15020757913589478
16 0.16972793638706207 0.646282434463501 0.18829162418842316 0.1447755992412567
16 0.3470633029937744 0.6549991965293884 0.2052704095840454 0.1546756774187088
16 0.4849681854248047 0.562592089176178 0.17470252513885498 0.131282240152359
16 0.05666962265968323 0.513374924659729 0.11333924531936646 0.20285488665103912
16 0.17941543459892273 0.4631756842136383 0.22460028529167175 0.16723738610744476
15 0.35883304476737976 0.48776164650917053 0.21794627606868744 0.1645210087299347
15 0.30105748772621155 0.3756575584411621 0.20263078808784485 0.15188288688659668
15 0.42739811539649963 0.25404274463653564 0.2200639396905899 0.16155792772769928
15 0.760818362236023 0.35724687576293945 0.15858763456344604 0.12177397310733795
15 0.8586525321006775 0.17111670970916748 0.19330614805221558 0.14502345025539398
15 0.6763535141944885 0.33723539113998413 0.1695016473531723 0.12784503400325775
