16 0.41951900720596313 0.1681549996137619 0.0463789701461792 0.0704369843006134
16 0.38913699984550476 0.2113099992275238 0.043155014514923096 0.058862000703811646
16 0.33395299315452576 0.2509920001029968 0.054315030574798584 0.06944400072097778
16 0.39186498522758484 0.30208298563957214 0.0471230149269104 0.06713002920150757
16 0.4459330141544342 0.2552909851074219 0.04811501502990723 0.06084698438644409
16 0.47123000025749207 0.20122399926185608 0.04563498497009277 0.06845200061798096
16 0.5591520071029663 0.16087999939918518 0.04538702964782715 0.06183898448944092
16 0.5724210143089294 0.21676599979400635 0.04315495491027832 0.06712998449802399
16 0.6331850290298462 0.244378000497818 0.05605196952819824 0.09060800075531006
16 0.5135170221328735 0.28554901480674744 0.0473710298538208 0.06845200061798096
16 0.7624009847640991 0.474371999502182 0.0615079402923584 0.09622997045516968
15 0.23673099279403687 0.6033400297164917 0.1832839846611023 0.27943098545074463
15 0.29551100730895996 0.6488100290298462 0.1872519850730896 0.2956349849700928
15 0.397940993309021 0.7549600005149841 0.11036700010299683 0.36045002937316895
15 0.47073400020599365 0.645999014377594 0.1294640302658081 0.2966270446777344
15 0.5623760223388672 0.6653439998626709 0.18625998497009277 0.2943120002746582
15 0.802827000617981 0.6344249844551086 0.13591301441192627 0.3158069849014282
15 0.64198899269104 0.4839619994163513 0.20163702964782715 0.09160101413726807
15 0.6535220146179199 0.556052029132843 0.18948400020599365 0.18022501468658447
15 0.7635170221328735 0.4135249853134155 0.21602201461791992 0.1921299695968628
16 0.16505500674247742 0.7101519703865051 0.06076401472091675 0.06845200061798096
16 0.22147800028324127 0.7516530156135559 0.060019999742507935 0.06415295600891113
16 0.42832300066947937 0.8940150141716003 0.07688498497009277 0.06514596939086914
16 0.5050839781761169 0.7665339708328247 0.0463789701461792 0.06613802909851074
16 0.49441999197006226 0.5426589846611023 0.04885900020599365 0.05357098579406738
16 0.830357015132904 0.7468580007553101 0.058531999588012695 0.08234095573425293
16 0.8299850225448608 0.4937170147895813 0.0736609697341919 0.11309501528739929
