16 0.3773149847984314 0.38864099979400635 0.057540059089660645 0.07341301441192627
16 0.23363101482391357 0.46255001425743103 0.06316101551055908 0.061507999897003174
16 0.3801259994506836 0.5720490217208862 0.07175898551940918 0.05381894111633301
16 0.4966930150985718 0.5628719925880432 0.0892859697341919 0.07217299938201904
16 0.6311179995536804 0.4296880066394806 0.0902780294418335 0.0667160153388977
16 0.6130949854850769 0.35739099979400635 0.07473504543304443 0.06894803047180176
16 0.7642199993133545 0.47383400797843933 0.08333301544189453 0.06473201513290405
16 0.7547949552536011 0.5396829843521118 0.07043701410293579 0.07093298435211182
16 0.44626301527023315 0.39198899269104004 0.06911396980285645 0.05381900072097778
16 0.6074739694595337 0.4878469705581665 0.06613796949386597 0.06249997019767761
15 0.5261240005493164 0.3251489996910095 0.2288360595703125 0.16617101430892944
15 0.3472219705581665 0.4646580219268799 0.14087295532226562 0.2383430302143097
15 0.19609802961349487 0.5574160218238831 0.17261898517608643 0.24479198455810547
15 0.2875329852104187 0.6501740217208862 0.26620399951934814 0.23189496994018555
15 0.5319110155105591 0.6556299924850464 0.11937803030014038 0.2705850601196289
15 0.7094910144805908 0.554190993309021 0.21858501434326172 0.21255001425743103
15 0.729496955871582 0.3741320073604584 0.24735397100448608 0.14756900072097778
15 0.520503044128418 0.4691219925880432 0.28042298555374146 0.12177598476409912
15 0.5233129858970642 0.4108380079269409 0.2542990446090698 0.1411210298538208
15 0.8503639698028564 0.7586809992790222 0.28207701444625854 0.09275805950164795
15 0.7619049549102783 0.6194199919700623 0.09920603036880493 0.22643804550170898
17 0.9135249853134155 0.48945897817611694 0.07771199941635132 0.06572398543357849
17 0.22652101516723633 0.2781499922275543 0.07473504543304443 0.06572401523590088
17 0.7799270153045654 0.9095979928970337 0.07506603002548218 0.06473195552825928
17 0.9474210143089294 0.8820679783821106 0.08796298503875732 0.0786210298538208
