15 0.21514883637428284 0.03171826899051666 0.3052288591861725 0.06343653798103333
15 0.03167901560664177 0.972362220287323 0.06335803121328354 0.0552755743265152
15 0.841059684753418 0.24664893746376038 0.3178806006908417 0.4214763939380646
15 0.8327019810676575 0.17700707912445068 0.30489543080329895 0.35401415824890137
15 0.7181547284126282 0.1888623982667923 0.32409483194351196 0.3777247965335846
16 0.6248208284378052 0.19537389278411865 0.3193643391132355 0.3907477855682373
16 0.4616089463233948 0.2150947004556656 0.3052288591861725 0.3916105628013611
16 0.947437047958374 0.13413383066654205 0.10512591153383255 0.14635993540287018
16 0.9200868606567383 0.0630984678864479 0.12491258233785629 0.1261969357728958
16 0.8023983240127563 0.07965528964996338 0.13403260707855225 0.15931057929992676
17 0.7020066976547241 0.060432128608226776 0.11088817566633224 0.12086425721645355
17 0.5562964081764221 0.07480461895465851 0.09731737524271011 0.12696422636508942
17 0.8744185566902161 0.40716901421546936 0.09831330925226212 0.12868210673332214
17 0.7545586824417114 0.5334368348121643 0.10289160907268524 0.1343131810426712
17 0.6871954202651978 0.48315951228141785 0.10775025188922882 0.14065316319465637
17 0.673981785774231 0.3681074380874634 0.10948862135410309 0.14224109053611755
17 0.6385695934295654 0.6637527346611023 0.0841909646987915 0.11034075915813446
17 0.5241424441337585 0.7976798415184021 0.10007937997579575 0.13121117651462555
17 0.4104618728160858 0.9284344911575317 0.10042186081409454 0.13134098052978516
17 0.5629348754882812 0.6197600960731506 0.1115303710103035 0.1456686556339264
17 0.4527886211872101 0.7551465630531311 0.09209594130516052 0.12030893564224243
17 0.33280709385871887 0.8830028772354126 0.0979144349694252 0.12780597805976868
17 0.5441716909408569 0.513778805732727 0.1104641929268837 0.14377336204051971
17 0.42737436294555664 0.6506959795951843 0.10480204224586487 0.13700655102729797
