15 0.019001329317688942 0.17792969942092896 0.038002658635377884 0.3558593988418579
15 0.046900369226932526 0.12623752653598785 0.09380073845386505 0.2524750530719757
15 0.05164701119065285 0.07479991018772125 0.1032940223813057 0.1495998203754425
15 0.06601224094629288 0.043896764516830444 0.13202448189258575 0.08779352903366089
15 0.1014537662267685 0.006569599732756615 0.17931948602199554 0.01313919946551323
15 0.017720000818371773 0.23828983306884766 0.035440001636743546 0.16928505897521973
15 0.01642017439007759 0.18944701552391052 0.03284034878015518 0.12764209508895874
15 0.045310474932193756 0.12378531694412231 0.09062094986438751 0.1530998945236206
15 0.06257480382919312 0.08187618851661682 0.08566462248563766 0.11792706698179245
15 0.09026609361171722 0.0359770730137825 0.07743870466947556 0.071954146027565
15 0.0168061014264822 0.8459523320198059 0.0336122028529644 0.30809536576271057
15 0.0017688646912574768 0.8812595009803772 0.0035377293825149536 0.2374810129404068
15 0.11875861138105392 0.6407303214073181 0.23751722276210785 0.3643057346343994
15 0.18494519591331482 0.5979428887367249 0.2775418758392334 0.40360379219055176
16 0.26281505823135376 0.5285334587097168 0.2626011371612549 0.3810235261917114
16 0.31885138154029846 0.4918256103992462 0.21016031503677368 0.31183528900146484
16 0.34653177857398987 0.42887943983078003 0.16589589416980743 0.24208301305770874
16 0.4147149920463562 0.3721792995929718 0.17931948602199554 0.2552870213985443
16 0.4575307071208954 0.31100133061408997 0.14842797815799713 0.21698056161403656
16 0.5420477986335754 0.2713499665260315 0.18626508116722107 0.26600751280784607
16 0.5856136083602905 0.2180456668138504 0.21828728914260864 0.3103521764278412
16 0.6758131384849548 0.1731102019548416 0.2281286120414734 0.3274669051170349
16 0.7466086745262146 0.1397830843925476 0.2206140011548996 0.2795661687850952
16 0.4799163043498993 0.5361679792404175 0.27971020340919495 0.34829017519950867
16 0.6848287582397461 0.3835214376449585 0.3789457082748413 0.4791584610939026
16 0.6315003633499146 0.6246487498283386 0.6669026017189026 0.7507025003433228
16 0.07453062385320663 0.5376752614974976 0.10560399293899536 0.14665858447551727
16 0.1340034008026123 0.485256165266037 0.12080035358667374 0.16928505897521973
16 0.17208342254161835 0.4764053523540497 0.09092392772436142 0.12764209508895874
16 0.22817309200763702 0.4219686686992645 0.10875611752271652 0.1530998945236206
16 0.26323601603507996 0.39362409710884094 0.08566462248563766 0.11792706698179245
16 0.31426069140434265 0.36671242117881775 0.07743870466947556 0.10648084431886673
