16 0.6658400297164917 0.36929601430892944 0.15509295463562012 0.0818449854850769
15 0.535548985004425 0.4410960078239441 0.3521829843521118 0.22098198533058167
17 0.12665300071239471 0.14992600679397583 0.12632301449775696 0.07217299938201904
17 0.32804200053215027 0.12723200023174286 0.12367701530456543 0.09821400046348572
17 0.5127310156822205 0.14285700023174286 0.11342597007751465 0.07986100763082504
17 0.6845239996910095 0.10838299989700317 0.10648095607757568 0.07539700716733932
17 0.14748699963092804 0.29216301441192627 0.10185199975967407 0.07886898517608643
17 0.33151501417160034 0.2684769928455353 0.09358501434326172 0.07862098515033722
17 0.5170300006866455 0.2889379858970642 0.11342597007751465 0.07638901472091675
17 0.6860120296478271 0.25607600808143616 0.11210298538208008 0.08854198455810547
17 0.7562829852104187 0.40860599279403687 0.10912704467773438 0.07217299938201904
17 0.9224539995193481 0.3396579921245575 0.1193779706954956 0.09598201513290405
17 0.1483130007982254 0.43886399269104004 0.10350499302148819 0.0786210298538208
17 0.12235400080680847 0.6113590002059937 0.13492101430892944 0.07638895511627197
17 0.16038399934768677 0.7516120076179504 0.11044999957084656 0.08506906032562256
17 0.5256279706954956 0.6184279918670654 0.1193779706954956 0.0820930004119873
17 0.7577710151672363 0.5553079843521118 0.11210298538208008 0.08730196952819824
17 0.6851850152015686 0.6825399994850159 0.10185205936431885 0.07886898517608643
17 0.5320770144462585 0.7498760223388672 0.11507901549339294 0.09052598476409912
17 0.4975200295448303 0.8761159777641296 0.1464950144290924 0.08606195449829102
17 0.6922950148582458 0.8205609917640686 0.1193779706954956 0.10243093967437744
