17 0.13968266546726227 0.03716539591550827 0.27936533093452454 0.07433079183101654
17 0.5760709643363953 0.9204263687133789 0.10215344280004501 0.1171836107969284
17 0.4030227065086365 0.8652867078781128 0.10307452827692032 0.12102185934782028
17 0.16339614987373352 0.9899122714996338 0.1189584732055664 0.020175442099571228
17 0.2637327015399933 0.9048714637756348 0.10662295669317245 0.12143472582101822
17 0.35889676213264465 0.7691649794578552 0.11664047837257385 0.14167052507400513
17 0.18915300071239471 0.8148481249809265 0.11458660662174225 0.12775073945522308
17 0.19961859285831451 0.6012870073318481 0.10666629672050476 0.12330546230077744
17 0.06571567803621292 0.6348235011100769 0.1083783209323883 0.125369593501091
17 0.033867280930280685 0.7693155407905579 0.06773456186056137 0.14337033033370972
17 0.7297630310058594 0.6505431532859802 0.10059300810098648 0.11368583887815475
17 0.812693178653717 0.48695018887519836 0.10976945608854294 0.12449527531862259
17 0.9326691031455994 0.5532529950141907 0.1287204623222351 0.14390510320663452
15 0.9491907954216003 0.3625621199607849 0.1013222485780716 0.12330548465251923
15 0.4600750207901001 0.5730446577072144 0.38292640447616577 0.3934077024459839
15 0.5617424249649048 0.43750762939453125 0.36529016494750977 0.3849300742149353
15 0.3373956084251404 0.4193524420261383 0.3807724714279175 0.4236266613006592
16 0.5987240076065063 0.15495248138904572 0.43879997730255127 0.30990496277809143
16 0.5908079147338867 0.5324024558067322 0.123996302485466 0.13154083490371704
16 0.6864813566207886 0.3996955454349518 0.12937477231025696 0.14315266907215118
16 0.4665062129497528 0.4057477116584778 0.11536679416894913 0.12949956953525543
