15 0.46296828985214233 0.7259477972984314 0.4602997601032257 0.12399931252002716
15 0.47391557693481445 0.6055566072463989 0.47083184123039246 0.11543690413236618
15 0.6071112155914307 0.4867928922176361 0.6615725159645081 0.1931835263967514
15 0.5789845585823059 0.3520647883415222 0.6445087790489197 0.16631242632865906
15 0.6444665789604187 0.22929102182388306 0.7089481353759766 0.21167953312397003
15 0.42157453298568726 0.7751837968826294 0.4076426029205322 0.10680845379829407
16 0.28771674633026123 0.7790603041648865 0.1379457265138626 0.06377389281988144
16 0.293205589056015 0.7286991477012634 0.143058642745018 0.07609964162111282
16 0.2924749255180359 0.6729509234428406 0.1481870710849762 0.07230901718139648
16 0.3086400628089905 0.5991888642311096 0.13478606939315796 0.06688772141933441
16 0.29864320158958435 0.5596950650215149 0.1352747231721878 0.06938384473323822
16 0.38150882720947266 0.4597265422344208 0.2189151644706726 0.09458768367767334
16 0.3683326244354248 0.34377872943878174 0.2088574469089508 0.09448816627264023
16 0.4050208330154419 0.19871927797794342 0.2342699021100998 0.12090281397104263
