16 0.9326639771461487 0.8596229553222656 0.11433500051498413 0.16236799955368042
16 0.7072169780731201 0.2557870149612427 0.13169598579406738 0.2086639404296875
16 0.853422999382019 0.6317789554595947 0.1175599992275238 0.20998698472976685
16 0.9294390082359314 0.47288399934768677 0.09499000012874603 0.18254005908966064
15 0.7590529918670654 0.7799270153045654 0.45510900020599365 0.3217589855194092
15 0.7126739621162415 0.44213002920150757 0.13814501464366913 0.5780419111251831
15 0.8447420001029968 0.402446985244751 0.14335298538208008 0.6223540306091309
15 0.5060759782791138 0.6899800300598145 0.4064980149269104 0.277446985244751
17 0.6068949699401855 0.395999014377594 0.11855202913284302 0.17228806018829346
17 0.41282200813293457 0.2501649856567383 0.15104198455810547 0.1623680591583252
17 0.421006977558136 0.5643190145492554 0.11532700061798096 0.17824101448059082
