16 0.38864099979400635 0.3773149847984314 0.07341301441192627 0.057540059089660645
16 0.46255001425743103 0.23363101482391357 0.061507999897003174 0.06316101551055908
16 0.5720490217208862 0.3801259994506836 0.05381894111633301 0.07175898551940918
16 0.5628719925880432 0.4966930150985718 0.07217299938201904 0.0892859697341919
16 0.4296880066394806 0.6311179995536804 0.0667160153388977 0.0902780294418335
16 0.35739099979400635 0.6130949854850769 0.06894803047180176 0.07473498582839966
16 0.47383400797843933 0.7642199993133545 0.06473201513290405 0.08333301544189453
16 0.5396829843521118 0.7547950148582458 0.07093298435211182 0.0704369843006134
16 0.39198899269104004 0.44626301527023315 0.05381900072097778 0.06911396980285645
16 0.4878469705581665 0.6074739694595337 0.06249997019767761 0.06613796949386597
15 0.3251489996910095 0.5261240005493164 0.16617101430892944 0.2288360297679901
15 0.4646580219268799 0.3472219705581665 0.2383430302143097 0.14087295532226562
15 0.5574160218238831 0.19609802961349487 0.24479198455810547 0.17261898517608643
15 0.6501740217208862 0.2875329852104187 0.23189496994018555 0.26620399951934814
15 0.6556299924850464 0.5319110155105591 0.2705850601196289 0.11937803030014038
15 0.554190993309021 0.7094910144805908 0.21255001425743103 0.21858501434326172
15 0.3741320073604584 0.7294970154762268 0.14756900072097778 0.24735398590564728
15 0.4691219925880432 0.520503044128418 0.12177598476409912 0.28042298555374146
15 0.4108380079269409 0.5233129858970642 0.1411210298538208 0.2542990446090698
15 0.7586809992790222 0.8503639698028564 0.09275805950164795 0.28207701444625854
15 0.6194199919700623 0.7619050145149231 0.22643804550170898 0.09920600056648254
17 0.48945897817611694 0.9135249853134155 0.06572398543357849 0.07771199941635132
17 0.2781499922275543 0.22652101516723633 0.06572401523590088 0.07473504543304443
17 0.9095979928970337 0.7799270153045654 0.06473195552825928 0.07506600022315979
17 0.8820679783821106 0.9474210143089294 0.0786210298538208 0.08796299993991852
