15 0.6132609844207764 0.5589039921760559 0.1511240005493164 0.3504459857940674
15 0.795304000377655 0.8572670221328735 0.2817460298538208 0.2849699854850769
15 0.40625 0.8292409777641296 0.15376996994018555 0.3410220146179199
15 0.27182498574256897 0.6938239932060242 0.3710319995880127 0.3008430004119873
15 0.2683529853820801 0.5664680004119873 0.42691802978515625 0.2490079700946808
15 0.17708300054073334 0.49317997694015503 0.3535049855709076 0.1713789701461792
15 0.20932500064373016 0.38045597076416016 0.41269800066947937 0.1294640302658081
15 0.47089898586273193 0.28720200061798096 0.22288396954536438 0.3482140302658081
15 0.4135249853134155 0.1169392466545105 0.3177909851074219 0.233878493309021
16 0.7032080292701721 0.7585570216178894 0.13525104522705078 0.09598198533058167
16 0.42427200078964233 0.7137899994850159 0.12367701530456543 0.11210298538208008
16 0.38888901472091675 0.5983380079269409 0.14814800024032593 0.11879998445510864
16 0.6197090148925781 0.43278801441192627 0.09788393974304199 0.09176599979400635
16 0.4328700006008148 0.4759420156478882 0.15211600065231323 0.09176599979400635
16 0.3120039999485016 0.42733097076416016 0.11210298538208008 0.07440495491027832
16 0.34804901480674744 0.3406500220298767 0.13789701461791992 0.08854198455810547
16 0.5046300292015076 0.1568700075149536 0.13227498531341553 0.09598195552825928
17 0.8425930142402649 0.45808500051498413 0.11507904529571533 0.09920597076416016
17 0.9292330145835876 0.3039429783821106 0.1415339708328247 0.11433494091033936
19 0.11292999982833862 0.19345200061798096 0.16236799955368042 0.0982140302658081
19 0.06845200061798096 0.05816000699996948 0.12235400080680847 0.11631906032562256
