17 0.6435189843177795 0.3897570073604584 0.1653439998626709 0.1252480149269104
17 0.8677250146865845 0.2926590144634247 0.1567460298538208 0.11855201423168182
17 0.8649140000343323 0.4799109697341919 0.15376996994018555 0.10466298460960388
17 0.8763229846954346 0.6755949854850769 0.1567460298538208 0.11011898517608643
17 0.6716269850730896 0.5844489932060242 0.14087295532226562 0.10689496994018555
15 0.30423301458358765 0.5412949919700623 0.47023797035217285 0.15203401446342468
15 0.2991069555282593 0.41145798563957214 0.46858498454093933 0.16170603036880493
15 0.30704399943351746 0.26748499274253845 0.4586640000343323 0.22544598579406738
15 0.4163359999656677 0.18216800689697266 0.44973501563072205 0.2383430004119873
15 0.5636569857597351 0.10292699933052063 0.4341930150985718 0.20039701461791992
15 0.8667330145835876 0.14273300766944885 0.2665339708328247 0.2849699854850769
15 0.5127310156822205 0.7698410153388977 0.3118389844894409 0.3397819995880127
15 0.6340939998626709 0.828125 0.3363100290298462 0.3308529853820801
16 0.2789349853992462 0.11483100056648254 0.14384901523590088 0.08829399943351746
16 0.15327399969100952 0.21341800689697266 0.14517199993133545 0.10243099927902222
16 0.13955000042915344 0.374752014875412 0.13227498531341553 0.08630996942520142
16 0.14533700048923492 0.5116569995880127 0.12929901480674744 0.08631002902984619
16 0.4092260003089905 0.8857889771461487 0.09358501434326172 0.10342299938201904
16 0.5256279706954956 0.9424600005149841 0.11078000068664551 0.09176599979400635
