19 0.46713799238204956 0.28670600056648254 0.2070930004119873 0.2625660300254822
19 0.6716269850730896 0.28604501485824585 0.18551599979400635 0.2506610155105591
19 0.1488099992275238 0.5233129858970642 0.19593298435211182 0.24107098579406738
19 0.36470699310302734 0.5057870149612427 0.18973201513290405 0.23776498436927795
19 0.5687000155448914 0.4813160002231598 0.16716301441192627 0.2080029845237732
19 0.7392110228538513 0.4892530143260956 0.16393804550170898 0.21329396963119507
19 0.802827000617981 0.6509590148925781 0.13293695449829102 0.19080698490142822
19 0.6395090222358704 0.6679890155792236 0.15352201461791992 0.1825399398803711
19 0.47829896211624146 0.6808859705924988 0.15748998522758484 0.1931220293045044
19 0.2771579921245575 0.714451014995575 0.1679069995880127 0.20271193981170654
19 0.09114599972963333 0.6802250146865845 0.1639380007982254 0.21097898483276367
19 0.8756200075149536 0.8220900297164917 0.15352201461791992 0.17261898517608643
19 0.7103170156478882 0.8215939998626709 0.15426599979400635 0.19080698490142822
19 0.5467510223388672 0.8472219705581665 0.15352201461791992 0.17195796966552734
19 0.3911210000514984 0.8483800292015076 0.16071397066116333 0.19742095470428467
19 0.19791699945926666 0.8584660291671753 0.16170600056648254 0.18783104419708252
19 0.0701880007982254 0.8728510141372681 0.1398809850215912 0.19940495491027832
