15 0.2638229429721832 0.033791691064834595 0.2029787003993988 0.06758338212966919
15 0.28518208861351013 0.023831799626350403 0.08426177501678467 0.047663599252700806
15 0.32054802775382996 0.035066843032836914 0.07882481068372726 0.05495545640587807
15 0.04407023265957832 0.8552344441413879 0.08814046531915665 0.28953108191490173
15 0.5431281924247742 0.30458131432533264 0.3408852815628052 0.15975244343280792
16 0.5843906402587891 0.3453840911388397 0.3181733787059784 0.14723394811153412
16 0.4059809148311615 0.22222061455249786 0.2029787003993988 0.21449285745620728
16 0.4005957543849945 0.46453729271888733 0.33876949548721313 0.29329854249954224
16 0.39856380224227905 0.7600844502449036 0.4553176164627075 0.4278283417224884
15 0.5909799933433533 0.8319087624549866 0.13780230283737183 0.10908550769090652
16 0.5345439910888672 0.8774268627166748 0.12915727496147156 0.10644587129354477
16 0.40940767526626587 0.6014461517333984 0.12930062413215637 0.09479799121618271
16 0.2973519265651703 0.402059942483902 0.14976921677589417 0.11326296627521515
16 0.6472073793411255 0.5760194659233093 0.40406519174575806 0.21795828640460968
16 0.7652927041053772 0.5422794818878174 0.13817353546619415 0.09052697569131851
16 0.7648767232894897 0.5079030990600586 0.1453426331281662 0.0904475599527359
16 0.6829587817192078 0.3032168447971344 0.10122454911470413 0.06231856718659401
