17 0.7250329852104187 0.7857140302658081 0.07043695449829102 0.05357098579406738
17 0.6231809854507446 0.6408729553222656 0.058531999588012695 0.04861098527908325
15 0.5788689851760864 0.6288440227508545 0.3244049847126007 0.08258897066116333
15 0.5881279706954956 0.5504710078239441 0.3402780294418335 0.0825890302658081
15 0.5916010141372681 0.476065993309021 0.3306879997253418 0.08060503005981445
15 0.5927579998970032 0.39322900772094727 0.3244050443172455 0.07663702964782715
15 0.6279760003089905 0.3441219925880432 0.3756610155105591 0.09201395511627197
15 0.5815150141716003 0.235243022441864 0.33829402923583984 0.0825890302658081
16 0.45783698558807373 0.6324399709701538 0.08631002902984619 0.051091015338897705
16 0.44179901480674744 0.5832090377807617 0.07341301441192627 0.03745001554489136
16 0.4540340006351471 0.5515869855880737 0.07473498582839966 0.036705970764160156
16 0.4209659993648529 0.5436509847640991 0.04497402906417847 0.03670603036880493
16 0.4039349853992462 0.5280259847640991 0.04464298486709595 0.03125
16 0.45254600048065186 0.47966301441192627 0.07374298572540283 0.0545630156993866
16 0.41666701436042786 0.4773070216178894 0.05555599927902222 0.038442015647888184
16 0.39864400029182434 0.44283199310302734 0.07705003023147583 0.04489099979400635
16 0.44973498582839966 0.39322900772094727 0.08333301544189453 0.0478670597076416
16 0.39914000034332275 0.38132399320602417 0.0648149847984314 0.03993093967437744
16 0.4274140000343323 0.358879029750824 0.04464298486709595 0.04464304447174072
16 0.4636240005493164 0.3348209857940674 0.07671999931335449 0.0654759407043457
16 0.4130289852619171 0.33878999948501587 0.04365098476409912 0.04811501502990723
16 0.44394800066947937 0.30567997694015503 0.06316101551055908 0.042410969734191895
16 0.43270498514175415 0.28683000802993774 0.06845200061798096 0.0463789701461792
16 0.4108799993991852 0.2688490152359009 0.06316101551055908 0.05357098579406738
16 0.447750985622406 0.22929102182388306 0.07671999931335449 0.05927598476409912
