15 0.8769840002059937 0.20808500051498413 0.12235403060913086 0.2683529853820801
15 0.764054000377655 0.1956849992275238 0.12070095539093018 0.2738099694252014
15 0.6506279706954956 0.19345200061798096 0.135250985622406 0.2544640302658081
15 0.5376980304718018 0.19196400046348572 0.11640197038650513 0.2663689851760864
15 0.4146829843521118 0.19903302192687988 0.13492095470428467 0.2695930004119873
15 0.31117701530456543 0.20548099279403687 0.11772501468658447 0.2502479553222656
15 0.8726849555969238 0.47346198558807373 0.12235397100448608 0.2728170156478882
15 0.7533069849014282 0.44692501425743103 0.12235403060913086 0.26736098527908325
15 0.6483129858970642 0.4501489996910095 0.10482800006866455 0.2544640302658081
15 0.5310850143432617 0.4567210078239441 0.14947104454040527 0.26314496994018555
15 0.42410701513290405 0.45548099279403687 0.1306220293045044 0.2695930004119873
15 0.31117701530456543 0.45560500025749207 0.11507904529571533 0.2524799704551697
15 0.19692498445510864 0.45820900797843933 0.12797605991363525 0.25123995542526245
15 0.920799970626831 0.7380949854850769 0.1438489556312561 0.2976189851760864
15 0.7842260003089905 0.7450399994850159 0.11805593967437744 0.2901790142059326
15 0.6641870141029358 0.7327629923820496 0.11673295497894287 0.27604198455810547
15 0.5471230149269104 0.7397069931030273 0.10350501537322998 0.2879459857940674
15 0.4176589846611023 0.7364829778671265 0.12632298469543457 0.29885900020599365
15 0.3040670156478882 0.7380949854850769 0.10085999965667725 0.2718249559402466
15 0.17526501417160034 0.727927029132843 0.13095200061798096 0.2857140302658081
16 0.8864089846611023 0.12983599305152893 0.07175898551940918 0.09052599221467972
16 0.7670300006866455 0.11644300073385239 0.07175898551940918 0.10044600069522858
16 0.6512899994850159 0.12016400694847107 0.09358501434326172 0.10342300683259964
16 0.53125 0.11483100056648254 0.07175898551940918 0.10367100685834885
16 0.42625701427459717 0.11483100056648254 0.0720900297164917 0.09474200010299683
16 0.31398797035217285 0.1212799996137619 0.08631002902984619 0.09920600056648254
16 0.8784719705581665 0.367684006690979 0.09358501434326172 0.08754998445510864
16 0.7569440007209778 0.359127014875412 0.07473504543304443 0.08730202913284302
16 0.6440150141716003 0.3590030074119568 0.055886030197143555 0.0786210298538208
16 0.5347219705581665 0.37264400720596313 0.07605797052383423 0.08407700061798096
16 0.4226189851760864 0.36929601430892944 0.0674600601196289 0.07986098527908325
16 0.3154760003089905 0.36880001425743103 0.04298901557922363 0.0744050145149231
16 0.19907397031784058 0.3757439851760864 0.06349194049835205 0.07986098527908325
16 0.8754960298538208 0.6398810148239136 0.07638901472091675 0.0927579402923584
16 0.7726520299911499 0.638392984867096 0.07771199941635132 0.08531701564788818
16 0.6598880290985107 0.6313239932060242 0.07043701410293579 0.07118093967437744
16 0.5304229855537415 0.6377729773521423 0.08201098442077637 0.0776289701461792
16 0.402446985244751 0.6335570216178894 0.0674600601196289 0.0776289701461792
16 0.2903439998626709 0.6242560148239136 0.06481504440307617 0.06795597076416016
16 0.16236799955368042 0.6271079778671265 0.07341301441192627 0.0776289701461792
