15 0.02538062445819378 0.10061875730752945 0.05076124891638756 0.2012375146150589
15 0.0462486669421196 0.2823421061038971 0.0924973338842392 0.28278249502182007
15 0.03523905575275421 0.378697007894516 0.07047811150550842 0.395561158657074
15 0.022590575739741325 0.028511160984635353 0.04518115147948265 0.057022321969270706
15 0.021652251482009888 0.20160192251205444 0.043304502964019775 0.10671887546777725
15 0.26011449098587036 0.16629648208618164 0.19513827562332153 0.27964073419570923
15 0.3180621266365051 0.3152576982975006 0.22243811190128326 0.295617938041687
15 0.1379081904888153 0.32889288663864136 0.18163378536701202 0.28278249502182007
15 0.22136405110359192 0.4998405873775482 0.40726539492607117 0.395561158657074
16 0.607891857624054 0.5554623603820801 0.3609718084335327 0.42118173837661743
16 0.8039113283157349 0.5093351006507874 0.2679024338722229 0.33907556533813477
16 0.9461914300918579 0.4884062111377716 0.10761708766222 0.3871282637119293
16 0.8892257213592529 0.6886003017425537 0.22154854238033295 0.38752317428588867
16 0.48845651745796204 0.4652354121208191 0.328921914100647 0.3501759171485901
16 0.24720215797424316 0.0860561802983284 0.10344603657722473 0.1153474748134613
16 0.37149471044540405 0.2511169910430908 0.09141059219837189 0.10059770941734314
