17 0.9640628099441528 0.11776433140039444 0.07187438756227493 0.12275232374668121
17 0.980350911617279 0.04197456315159798 0.03929821774363518 0.08394912630319595
17 0.0006624024827033281 0.38821136951446533 0.0013248049654066563 0.11562667787075043
17 0.9199366569519043 0.3033812344074249 0.11017470061779022 0.12275232374668121
15 0.11270064860582352 0.7003818154335022 0.0958385020494461 0.11230777204036713
15 0.04048207402229309 0.4364759624004364 0.08096414804458618 0.11562667787075043
15 0.3339402377605438 0.3365488350391388 0.32923540472984314 0.3659146726131439
15 0.19636410474777222 0.3833981454372406 0.22693610191345215 0.3409782648086548
15 0.3219098746776581 0.5685000419616699 0.23625332117080688 0.34603971242904663
15 0.5860504508018494 0.4377216100692749 0.21608078479766846 0.346493124961853
17 0.8272107243537903 0.6491361856460571 0.19910943508148193 0.3182620704174042
15 0.8879928588867188 0.5176039338111877 0.22401434183120728 0.21639566123485565
15 0.9396776556968689 0.8365452885627747 0.08426541090011597 0.12577536702156067
15 0.7239255905151367 0.8879998326301575 0.31611260771751404 0.22400033473968506
15 0.47106418013572693 0.8487082123756409 0.2971840500831604 0.30258357524871826
15 0.4877932667732239 0.744527280330658 0.35116511583328247 0.34331420063972473
15 0.5157917737960815 0.6673117280006409 0.3459809422492981 0.3216414749622345
15 0.7441773414611816 0.6883996725082397 0.31329262256622314 0.3730274438858032
16 0.8162258863449097 0.6436654329299927 0.2070646584033966 0.31645166873931885
16 0.7075681686401367 0.7968838810920715 0.3278220593929291 0.31219682097435
16 0.5316742062568665 0.5327686667442322 0.09636793285608292 0.11457987874746323
16 0.40865558385849 0.46043920516967773 0.08689095824956894 0.1047397181391716
16 0.20360353589057922 0.48671531677246094 0.08923373371362686 0.11376707255840302
16 0.32202285528182983 0.6806992292404175 0.09605897217988968 0.11439264565706253
16 0.36647796630859375 0.7556961178779602 0.09085451811552048 0.1034359261393547
16 0.3924553096294403 0.7210099101066589 0.07734254747629166 0.08822467923164368
16 0.578437328338623 0.859382688999176 0.09279856830835342 0.1005181148648262
16 0.6209003329277039 0.7894500494003296 0.10539755970239639 0.10873877257108688
16 0.6284108757972717 0.6860237121582031 0.10616383701562881 0.10452127456665039
