15 0.5350098609924316 0.798569917678833 0.7936618328094482 0.3151501715183258
15 0.579940676689148 0.6043229103088379 0.8164238333702087 0.2781718075275421
15 0.6010607481002808 0.4161945581436157 0.7978785634040833 0.2842353880405426
15 0.6323513984680176 0.22892531752586365 0.7352972030639648 0.28827226161956787
15 0.661592960357666 0.08834031224250793 0.676814079284668 0.17668062448501587
16 0.7836645841598511 0.8331391215324402 0.2674042880535126 0.15618780255317688
16 0.7524036169052124 0.7586376667022705 0.20126314461231232 0.11233662813901901
16 0.7896637916564941 0.5984753370285034 0.18153589963912964 0.10745462030172348
16 0.8492982983589172 0.6477020382881165 0.2545839548110962 0.13933539390563965
16 0.8839112520217896 0.4591166079044342 0.2321774959564209 0.13266125321388245
16 0.895411491394043 0.2634391188621521 0.20917703211307526 0.14482688903808594
16 0.8939451575279236 0.13384637236595154 0.21210969984531403 0.1246914267539978
16 0.9215433597564697 0.07204200327396393 0.15691329538822174 0.14408400654792786
