17 6.655827019130811e-05 0.011527417227625847 0.00013311654038261622 0.023054834455251694
17 0.07789648324251175 0.039999980479478836 0.1557929664850235 0.07999996095895767
17 0.9842537045478821 0.4572850465774536 0.03149256482720375 0.14725929498672485
17 0.8719546794891357 0.615985631942749 0.18408136069774628 0.14224374294281006
17 0.6513282060623169 0.7714585065841675 0.19530758261680603 0.15315236151218414
17 0.3823069632053375 0.8142105937004089 0.18787670135498047 0.14671219885349274
17 0.5548292994499207 0.6520668864250183 0.1914224624633789 0.14843140542507172
17 0.7529770135879517 0.505429744720459 0.19615495204925537 0.15292596817016602
17 0.9314121007919312 0.35642656683921814 0.1371757984161377 0.14901897311210632
17 0.8350991010665894 0.2729022204875946 0.16939710080623627 0.13161349296569824
17 0.6449925303459167 0.42656058073043823 0.18864959478378296 0.14773142337799072
17 0.4556165337562561 0.566051721572876 0.19721245765686035 0.15270686149597168
17 0.2741720676422119 0.7233051061630249 0.19960248470306396 0.15626323223114014
17 0.14726541936397552 0.6488218903541565 0.18408143520355225 0.14224380254745483
17 0.3222367763519287 0.4932235777378082 0.18556798994541168 0.1435321718454361
17 0.5163792967796326 0.34488731622695923 0.200821191072464 0.1567954123020172
17 0.7143627405166626 0.19048498570919037 0.19324983656406403 0.15097591280937195
17 0.6230542659759521 0.0891035944223404 0.20145957171916962 0.1583094596862793
17 0.41933637857437134 0.2379818558692932 0.20214486122131348 0.157331183552742
