15 0.4417990446090698 0.13467299938201904 0.1250000298023224 0.2693450450897217
16 0.4322090148925781 0.042658984661102295 0.09060800075531006 0.08531701564788818
17 0.0818450003862381 0.5765129923820496 0.10879600048065186 0.0815969705581665
17 0.08829399943351746 0.7413190007209778 0.13029098510742188 0.10714298486709595
17 0.265872985124588 0.8036949634552002 0.12698400020599365 0.10887901484966278
17 0.25198400020599365 0.6427329778671265 0.10582000017166138 0.0895339846611023
17 0.24702399969100952 0.5044640302658081 0.11507898569107056 0.0783730149269104
17 0.23396199941635132 0.37686002254486084 0.1226850152015686 0.08705401420593262
17 0.37367698550224304 0.29799097776412964 0.10780400037765503 0.08804595470428467
17 0.5112429857254028 0.25 0.0972219705581665 0.0942460298538208
17 0.38839301466941833 0.4264630079269409 0.10548901557922363 0.08556497097015381
17 0.5213289856910706 0.3587549924850464 0.10879600048065186 0.08804595470428467
17 0.4017859995365143 0.5592759847640991 0.11111098527908325 0.08878999948501587
17 0.5421630144119263 0.4868549704551697 0.10548901557922363 0.08482098579406738
17 0.41567501425743103 0.7041170001029968 0.1130949854850769 0.09523798525333405
17 0.5558859705924988 0.6207840442657471 0.11838603019714355 0.08878999948501587
17 0.4540340006351471 0.8673120141029358 0.11507898569107056 0.10317500680685043
17 0.5922620296478271 0.7645090222358704 0.11441802978515625 0.1009419858455658
17 0.6056550145149231 0.9381200075149536 0.1068120002746582 0.10094200074672699
