15 0.40665870904922485 0.5941396951675415 0.19949087500572205 0.7451448440551758
15 0.5371541380882263 0.5765101909637451 0.19084084033966064 0.6732286214828491
15 0.6282909512519836 0.5755107402801514 0.17856566607952118 0.6293171048164368
15 0.7052863836288452 0.5559112429618835 0.14404301345348358 0.5315510034561157
15 0.7899508476257324 0.5579919815063477 0.15474213659763336 0.5032399892807007
15 0.3379824757575989 0.5333679914474487 0.16855943202972412 0.6271777749061584
15 0.2911819517612457 0.4778214693069458 0.15181785821914673 0.5554572939872742
16 0.3038158118724823 0.28141239285469055 0.06838251650333405 0.14683450758457184
16 0.35654106736183167 0.29408571124076843 0.08005461096763611 0.15980130434036255
16 0.4332961142063141 0.30394625663757324 0.10067009925842285 0.19502457976341248
16 0.48653775453567505 0.32081133127212524 0.07329527288675308 0.13174498081207275
16 0.5687410235404968 0.34240344166755676 0.08092194050550461 0.17835158109664917
16 0.6651026606559753 0.37594369053840637 0.0760575607419014 0.17747387290000916
16 0.7416427135467529 0.36600545048713684 0.07838764786720276 0.14897368848323822
16 0.8186214566230774 0.3976436257362366 0.07282758504152298 0.1533461958169937
