16 0.7172620296478271 0.7650460004806519 0.09622997045516968 0.09689199924468994
16 0.45163702964782715 0.8680559992790222 0.06894803047180176 0.12169300764799118
16 0.35763901472091675 0.8467260003089905 0.05059504508972168 0.10482800006866455
16 0.25173598527908325 0.7987760305404663 0.07043695449829102 0.10879600048065186
16 0.20510900020599365 0.7017199993133545 0.04960298538208008 0.1044970154762268
16 0.15773797035217285 0.5859789848327637 0.07440495491027832 0.11838597059249878
16 0.20126497745513916 0.20717602968215942 0.05282700061798096 0.08432495594024658
16 0.3127480149269104 0.10433197021484375 0.09523797035217285 0.0982140302658081
16 0.45052099227905273 0.04679223895072937 0.08407700061798096 0.09358447790145874
16 0.6212800145149231 0.05836600065231323 0.07341301441192627 0.0982140302658081
16 0.7444199919700623 0.1954370141029358 0.06869995594024658 0.09259295463562012
16 0.8101440072059631 0.32291698455810547 0.08804595470428467 0.08101904392242432
16 0.7725690007209778 0.7113100290298462 0.06398797035217285 0.08333301544189453
15 0.6600940227508545 0.6878310441970825 0.19618099927902222 0.25595200061798096
15 0.7111859917640686 0.6221889853477478 0.18477201461791992 0.2721560001373291
15 0.49801596999168396 0.7650460004806519 0.13442498445510864 0.32308197021484375
15 0.4029020071029663 0.7400789856910706 0.13913702964782715 0.3181220293045044
15 0.3049359917640686 0.7204029560089111 0.21205401420593262 0.3316799998283386
15 0.2704610228538513 0.607804000377655 0.19270801544189453 0.27711597084999084
15 0.22445398569107056 0.5112429857254028 0.19990098476409912 0.2592589855194092
15 0.7337549924850464 0.3811179995536804 0.24727201461791992 0.19940495491027832
15 0.6848959922790527 0.2728170156478882 0.21205401420593262 0.26454997062683105
15 0.5815969705581665 0.1693120002746582 0.11607098579406738 0.33267199993133545
15 0.4688740074634552 0.1618720293045044 0.09995001554489136 0.3197749853134155
15 0.3712800145149231 0.2306550145149231 0.14484095573425293 0.31051599979400635
15 0.28323400020599365 0.3181220293045044 0.20734095573425293 0.2632279396057129
17 0.5384420156478882 0.5677909851074219 0.06002002954483032 0.09060800075531006
17 0.43167197704315186 0.5464619994163513 0.05282700061798096 0.07374298572540283
17 0.4024059772491455 0.4216269850730896 0.06473195552825928 0.08664000034332275
17 0.47532203793525696 0.3341599702835083 0.06473201513290405 0.0796959400177002
17 0.4967759847640991 0.4556879997253418 0.0615079402923584 0.08002603054046631
17 0.6076390147209167 0.4750329852104187 0.06101202964782715 0.07374298572540283
17 0.5668399930000305 0.35648101568222046 0.06076395511627197 0.08002603054046631
