15 0.6836559772491455 0.39252597093582153 0.43229198455810547 0.2546299695968628
15 0.6625739932060242 0.23792999982833862 0.4139379560947418 0.27876996994018555
15 0.6226440072059631 0.09457701444625854 0.40104198455810547 0.18915295600891113
16 0.8329610228538513 0.3470569849014282 0.12723195552825928 0.16104495525360107
16 0.827629029750824 0.1522819995880127 0.11855196952819824 0.13657402992248535
16 0.7952629923820496 0.03554898500442505 0.10788702964782715 0.0710979700088501
16 0.1483130007982254 0.41617101430892944 0.125 0.12929904460906982
16 0.18167200684547424 0.6096229553222656 0.12276799231767654 0.13657397031784058
16 0.18229199945926666 0.7908400297164917 0.1175599992275238 0.13657398521900177
16 0.17410700023174286 0.9394840002059937 0.1056549921631813 0.11772499978542328
16 0.29117101430892944 0.6663359999656677 0.11954401433467865 0.13492101430892944
16 0.27864599227905273 0.8495370149612427 0.1207839846611023 0.14814800024032593
15 0.2496280074119568 0.4226189851760864 0.3320930004119873 0.14550304412841797
16 0.3913689851760864 0.898643970489502 0.1284719705581665 0.14517199993133545
16 0.41145798563957214 0.7002310156822205 0.14236098527908325 0.13657398521900177
16 0.5390620231628418 0.7389219999313354 0.12624001502990723 0.14781701564788818
16 0.5181049704551697 0.9487429857254028 0.11011898517608643 0.10185199975967407
17 0.7273070216178894 0.8323410153388977 0.12921595573425293 0.17989400029182434
