17 0.7878639698028564 0.0467509999871254 0.17691797018051147 0.09300599992275238
17 0.4097219705581665 0.13541699945926666 0.1825399398803711 0.1488099992275238
17 0.9408069849014282 0.2723209857940674 0.11772501468658447 0.148810014128685
17 0.9365079998970032 0.50136399269104 0.12632298469543457 0.1411210298538208
17 0.8969910144805908 0.7575640082359314 0.20535701513290405 0.15749001502990723
17 0.7022160291671753 0.20386900007724762 0.19279098510742188 0.13045600056648254
17 0.6504629850387573 0.43241599202156067 0.19246000051498413 0.13913697004318237
17 0.570106029510498 0.6707590222358704 0.1984129548072815 0.13467299938201904
17 0.11838597059249878 0.10776299983263016 0.19841301441192627 0.15848200023174286
17 0.3341599702835083 0.3547869920730591 0.19279098510742188 0.13913702964782715
17 0.06283098459243774 0.31001999974250793 0.12566101551055908 0.14682501554489136
17 0.253803014755249 0.5973460078239441 0.19543695449829102 0.14756906032562256
