16 0.67323899269104 0.9072420001029968 0.09598201513290405 0.08763206005096436
16 0.7083330154418945 0.7986109852790833 0.08630998432636261 0.09457695484161377
16 0.5633679628372192 0.8978170156478882 0.07862097024917603 0.14087295532226562
16 0.5579119920730591 0.7296630144119263 0.06572401523590088 0.08631002902984619
16 0.5207090377807617 0.5499340295791626 0.07762902975082397 0.11507898569107056
16 0.4915670156478882 0.6304559707641602 0.09920597076416016 0.11210298538208008
16 0.2462800145149231 0.7425599694252014 0.07886898517608643 0.10085999965667725
16 0.2145339846611023 0.677249014377594 0.08829402923583984 0.09920597076416016
16 0.16592299938201904 0.5873019695281982 0.09920597076416016 0.10648101568222046
15 0.7627730369567871 0.8368059992790222 0.2641369700431824 0.22585999965667725
15 0.7724449634552002 0.708003044128418 0.22098201513290405 0.26719599962234497
15 0.6393849849700928 0.7792659997940063 0.16617101430892944 0.3349870443344116
15 0.6144590377807617 0.6216930150985718 0.14012902975082397 0.35648101568222046
15 0.4921879768371582 0.43270498514175415 0.11532700061798096 0.35482800006866455
15 0.43923598527908325 0.5218249559402466 0.16269803047180176 0.31746000051498413
15 0.32552099227905273 0.6865079998970032 0.2373509407043457 0.19245994091033936
15 0.280754029750824 0.5973880290985107 0.21230196952819824 0.24173301458358765
15 0.24888402223587036 0.48660701513290405 0.21354198455810547 0.2959660291671753
17 0.9083579778671265 0.5362100005149841 0.06572400033473969 0.0902780294418335
17 0.7891870141029358 0.5930889844894409 0.06696400046348572 0.09490698575973511
17 0.7735620141029358 0.39517199993133545 0.07440498471260071 0.08796298503875732
17 0.7568199634552002 0.16600501537322998 0.07316499948501587 0.09193098545074463
17 0.6657990217208862 0.34507298469543457 0.06572401523590088 0.09358501434326172
17 0.5896580219268799 0.256447970867157 0.06473201513290405 0.09490704536437988
17 0.46726202964782715 0.125 0.06795597076416016 0.08796298503875732
17 0.33469700813293457 0.06101202964782715 0.07663702964782715 0.08631002902984619
17 0.24789202213287354 0.2199069857597351 0.07564496994018555 0.09656095504760742
17 0.13839298486709595 0.2996029853820801 0.07886898517608643 0.09193098545074463
17 0.04414701461791992 0.45138901472091675 0.07539701461791992 0.10780394077301025
