17 0.007858033291995525 0.8327810764312744 0.01571606658399105 0.07868053764104843
17 0.013622788712382317 0.9475358128547668 0.027245577424764633 0.08854351192712784
17 0.01386648416519165 0.8149642944335938 0.0277329683303833 0.23325423896312714
17 0.010766744613647461 0.8991122245788574 0.021533489227294922 0.20177558064460754
17 0.4607101082801819 0.5880120992660522 0.10386595129966736 0.08174635469913483
17 0.38942593336105347 0.49627187848091125 0.09935205429792404 0.0764981061220169
17 0.43730616569519043 0.4009585976600647 0.09692078828811646 0.07763811945915222
16 0.5524638891220093 0.40025338530540466 0.1013098657131195 0.07975590229034424
16 0.514382541179657 0.4971838593482971 0.09164023399353027 0.07092577964067459
16 0.5933623313903809 0.5825758576393127 0.10420259088277817 0.08865144103765488
16 0.6370434761047363 0.48976489901542664 0.10011830925941467 0.0779612585902214
16 0.10708393901586533 0.36972856521606445 0.10876677185297012 0.08339616656303406
16 0.13524290919303894 0.30119529366493225 0.11634936928749084 0.09016700834035873
16 0.1624145805835724 0.6608192324638367 0.13885484635829926 0.09267152845859528
16 0.23843060433864594 0.7487719058990479 0.12496813386678696 0.07868053764104843
16 0.33636999130249023 0.8371639847755432 0.13114246726036072 0.08854351192712784
16 0.4478103816509247 0.8559914231300354 0.1172095239162445 0.0792824774980545
16 0.5752917528152466 0.8788194060325623 0.12326081842184067 0.08168378472328186
16 0.8861587643623352 0.719550371170044 0.10787484049797058 0.08024608343839645
16 0.9155901670455933 0.5801287293434143 0.152102991938591 0.10544311255216599
15 0.9034553170204163 0.43662330508232117 0.12273737043142319 0.09947420656681061
15 0.8130118250846863 0.2731182873249054 0.12099334597587585 0.09421694278717041
15 0.6138259768486023 0.18963822722434998 0.12844522297382355 0.10507410764694214
15 0.4712196886539459 0.1612720787525177 0.11165305972099304 0.10095270723104477
15 0.2524303197860718 0.3309972584247589 0.3419420123100281 0.2550021708011627
15 0.22371281683444977 0.40898481011390686 0.34722599387168884 0.2573836147785187
15 0.240298330783844 0.5974838137626648 0.35684773325920105 0.21360395848751068
15 0.3064326345920563 0.6770871877670288 0.37874436378479004 0.23325423896312714
15 0.3931887149810791 0.759905993938446 0.3431863486766815 0.24340590834617615
15 0.497286319732666 0.7637253403663635 0.3543420433998108 0.26133590936660767
15 0.6068518161773682 0.7832456827163696 0.35846513509750366 0.27740058302879333
15 0.7574309706687927 0.6762593388557434 0.349814772605896 0.2734088897705078
15 0.7892757058143616 0.5661048889160156 0.38692179322242737 0.24308855831623077
