15 0.7931700348854065 0.11941979080438614 0.09906815737485886 0.11762657761573792
15 0.837128758430481 0.040853101760149 0.09761057794094086 0.081706203520298
16 0.7091515064239502 0.022823359817266464 0.098708376288414 0.04564671963453293
16 0.5782123804092407 0.002255592029541731 0.0936887189745903 0.004511184059083462
17 0.9826148152351379 0.13068626821041107 0.03477036580443382 0.12877324223518372
17 0.2843707203865051 0.6570560932159424 0.3010998070240021 0.31003105640411377
17 0.5108264684677124 0.8344900012016296 0.3444884419441223 0.3310199975967407
17 0.17438428103923798 0.5759502053260803 0.09302312880754471 0.11434473097324371
17 0.4422855079174042 0.7227358222007751 0.0975007712841034 0.11684346199035645
17 0.7063249945640564 0.2978055775165558 0.09906815737485886 0.11762657761573792
17 0.6600608229637146 0.3894699811935425 0.09761057794094086 0.11189236491918564
17 0.5820685029029846 0.2490013986825943 0.098708376288414 0.11536554992198944
17 0.5014029741287231 0.10579782724380493 0.0936887189745903 0.11297072470188141
17 0.8072010278701782 0.5718948841094971 0.1135372743010521 0.12877324223518372
17 0.7682615518569946 0.6758133172988892 0.10248135030269623 0.11702544242143631
17 0.6062423586845398 0.6099628210067749 0.08326482772827148 0.09947625547647476
17 0.6326994299888611 0.7448452115058899 0.09450697898864746 0.10977965593338013
17 0.516025185585022 0.6542890071868896 0.08367706090211868 0.0988009124994278
17 0.3964507281780243 0.6055932641029358 0.08315164595842361 0.10350695997476578
17 0.4346647560596466 0.5151320695877075 0.09265699982643127 0.11024285107851028
17 0.31734156608581543 0.47190606594085693 0.08958303183317184 0.10758236050605774
17 0.2710515856742859 0.5598848462104797 0.09300299733877182 0.10882202535867691
