17 0.8692935705184937 0.026695167645812035 0.1399923712015152 0.05339033529162407
17 0.8300552368164062 0.26270338892936707 0.1399923712015152 0.12623479962348938
17 0.6168724894523621 0.2139652818441391 0.1327255815267563 0.1255299150943756
17 0.38860419392585754 0.18475957214832306 0.1507301777601242 0.12389872968196869
17 0.20379583537578583 0.2932368516921997 0.1422751247882843 0.12173377722501755
17 0.40813755989074707 0.355888307094574 0.14030350744724274 0.1283949315547943
17 0.61761075258255 0.38899263739585876 0.14743195474147797 0.12813974916934967
17 0.8325548768043518 0.420634925365448 0.14639487862586975 0.12093938142061234
17 0.8138387203216553 0.5712675452232361 0.12531712651252747 0.11253728717565536
17 0.6046027541160583 0.5267762541770935 0.14470447599887848 0.12050656974315643
17 0.4048195779323578 0.49577978253364563 0.14359714090824127 0.13316887617111206
17 0.1983671933412552 0.44291672110557556 0.15290461480617523 0.12769174575805664
17 0.1714819073677063 0.5869771242141724 0.13272565603256226 0.1255299597978592
17 0.3730885088443756 0.641835629940033 0.1344171017408371 0.12596306204795837
17 0.5812981128692627 0.678847074508667 0.1519664078950882 0.13022540509700775
17 0.7956217527389526 0.7196638584136963 0.14664511382579803 0.12493319064378738
17 0.8067222833633423 0.8702154159545898 0.15695510804653168 0.12641729414463043
17 0.5925588011741638 0.8380264639854431 0.15076002478599548 0.1331528276205063
17 0.37917470932006836 0.7943384647369385 0.15318118035793304 0.12961186468601227
