17 0.15315000712871552 0.5800260305404663 0.08308500051498413 0.11507898569107056
17 0.15364600718021393 0.25942498445510864 0.0820930004119873 0.09226202964782715
17 0.225942000746727 0.41335999965667725 0.08184501528739929 0.11507904529571533
17 0.2932789921760559 0.2557870149612427 0.09151798486709595 0.1220240592956543
17 0.30245500802993774 0.5793650150299072 0.07961297035217285 0.11375701427459717
17 0.36445900797843933 0.4191470146179199 0.07862097024917603 0.11210298538208008
17 0.3746280074119568 0.7352839708328247 0.0776289701461792 0.1266530156135559
17 0.43886399269104004 0.566303014755249 0.07018798589706421 0.11078000068664551
17 0.49764400720596313 0.40757298469543457 0.0820930004119873 0.12070095539093018
17 0.43241599202156067 0.25446397066116333 0.0895339846611023 0.1193779706954956
17 0.5121530294418335 0.729000985622406 0.07638898491859436 0.1193779855966568
17 0.5796129703521729 0.5555559992790222 0.07341301441192627 0.1005290150642395
17 0.6388890147209167 0.385250985622406 0.08829402923583984 0.11904799938201904
17 0.5634920001029968 0.23792999982833862 0.07986104488372803 0.10945796966552734
17 0.6707590222358704 0.7245370149612427 0.07217299938201904 0.11044998466968536
17 0.7160220146179199 0.5585319995880127 0.09176599979400635 0.11507898569107056
17 0.7057290077209473 0.22569400072097778 0.07961297035217285 0.11078000068664551
17 0.772072970867157 0.3910380005836487 0.0892859697341919 0.1193779706954956
17 0.8567709922790527 0.5398479700088501 0.0776289701461792 0.10615101456642151
17 0.8427579998970032 0.23082000017166138 0.08631002902984619 0.12367701530456543
