17 0.0467509999871254 0.21213600039482117 0.09300599992275238 0.17691797018051147
17 0.13541699945926666 0.5902780294418335 0.1488099992275238 0.1825399398803711
17 0.2723209857940674 0.05919301509857178 0.148810014128685 0.11772501468658447
17 0.50136399269104 0.06349200010299683 0.1411210298538208 0.12632298469543457
17 0.7575640082359314 0.10300901532173157 0.15749001502990723 0.20535701513290405
17 0.20386900007724762 0.2977839708328247 0.13045600056648254 0.19279098510742188
17 0.43241599202156067 0.3495369851589203 0.13913697004318237 0.19246000051498413
17 0.6707590222358704 0.42989400029182434 0.13467299938201904 0.1984129548072815
17 0.10776299983263016 0.8816140294075012 0.15848200023174286 0.19841301441192627
17 0.3547869920730591 0.6658400297164917 0.13913702964782715 0.19279098510742188
17 0.31001999974250793 0.9371690154075623 0.14682501554489136 0.12566101551055908
17 0.5973460078239441 0.746196985244751 0.14756906032562256 0.19543695449829102
