15 0.43613600730895996 0.3592919707298279 0.1951880156993866 0.44411396980285645
15 0.48673099279403687 0.67774498462677 0.11532700061798096 0.4255949854850769
15 0.6307039856910706 0.47585999965667725 0.23710298538208008 0.11375701427459717
15 0.6329370141029358 0.3586310148239136 0.22867101430892944 0.11474895477294922
15 0.647940993309021 0.541996955871582 0.23735100030899048 0.125
16 0.5305060148239136 0.892857015132904 0.05605196952819824 0.125
16 0.5751489996910095 0.892195999622345 0.061507999897003174 0.13227498531341553
16 0.6149550080299377 0.8381279706954956 0.05282700061798096 0.09622997045516968
16 0.7213540077209473 0.5269509553909302 0.0776289850473404 0.051917970180511475
16 0.7067210078239441 0.4470900297164917 0.0979660153388977 0.0674600601196289
16 0.6904760003089905 0.33911997079849243 0.10019803047180176 0.07903397083282471
16 0.46403801441192627 0.8209329843521118 0.08531701564788818 0.15376996994018555
16 0.3756200075149536 0.21279799938201904 0.1088789701461792 0.14517199993133545
16 0.40104198455810547 0.08548301458358765 0.10118997097015381 0.12665295600891113
16 0.4889630079269409 0.04199725389480591 0.09598198533058167 0.08399450778961182
