16 0.7255699634552002 0.32076698541641235 0.0820930004119873 0.10648095607757568
16 0.3368059992790222 0.24669301509857178 0.09375 0.13095200061798096
16 0.14546102285385132 0.14021199941635132 0.11235105991363525 0.13095200061798096
16 0.11408698558807373 0.5406749844551086 0.09920597076416016 0.1296299695968628
16 0.3470979928970337 0.7685189843177795 0.10143804550170898 0.10185205936431885
16 0.3319690227508545 0.6555889844894409 0.08854198455810547 0.08631002902984619
16 0.41666698455810547 0.7577710151672363 0.07242095470428467 0.12070095539093018
16 0.569815993309021 0.4141870141029358 0.08506900072097778 0.14649498462677002
16 0.41121000051498413 0.2739750146865845 0.09375 0.1392199993133545
17 0.8598710298538208 0.3811179995536804 0.09176599979400635 0.14384901523590088
17 0.794642984867096 0.5651460289955139 0.09920600056648254 0.13227498531341553
17 0.7034969925880432 0.4436179995536804 0.0786210298538208 0.09358501434326172
17 0.7196179628372192 0.9580027461051941 0.0895339846611023 0.08399450778961182
17 0.7503719925880432 0.05324098467826843 0.09052598476409912 0.1005290150642395
17 0.5783729553222656 0.022486984729766846 0.08531701564788818 0.0443120002746582
17 0.24107098579406738 0.34871000051498413 0.07886898517608643 0.10218298435211182
15 0.5487349629402161 0.6593919992446899 0.3172120153903961 0.24007904529571533
15 0.5002479553222656 0.5241400003433228 0.24355202913284302 0.3578040599822998
15 0.6285960078239441 0.3602840304374695 0.3063000440597534 0.22585999965667725
15 0.4537450075149536 0.24107101559638977 0.32564496994018555 0.15674597024917603
15 0.21875 0.5299270153045654 0.30605196952819824 0.1709660291671753
15 0.37611597776412964 0.09507298469543457 0.2695930004119873 0.18948400020599365
15 0.23325902223587036 0.18766501545906067 0.3092759847640991 0.20535701513290405
