16 0.8795880079269409 0.7475199699401855 0.10887902975082397 0.18154799938201904
16 0.9668899774551392 0.4839619994163513 0.0657239556312561 0.1068120002746582
16 0.7472720146179199 0.46048301458358765 0.07589292526245117 0.07903397083282471
16 0.5763890147209167 0.4232800006866455 0.07192504405975342 0.10449695587158203
16 0.5752730369567871 0.5128970146179199 0.07118099927902222 0.08730196952819824
16 0.43923598527908325 0.5496029853820801 0.04861104488372803 0.06283098459243774
16 0.4455609917640686 0.4738759994506836 0.06324398517608643 0.08201098442077637
16 0.3288689851760864 0.6327710151672363 0.058531999588012695 0.06514602899551392
16 0.7512400150299072 0.6749340295791626 0.061507999897003174 0.07870399951934814
15 0.8536709547042847 0.597553014755249 0.1641870141029358 0.4768519699573517
15 0.6545140147209167 0.3566470146179199 0.2504960298538208 0.31051599979400635
15 0.6640620231628418 0.49520498514175415 0.24875998497009277 0.2232140302658081
15 0.47395801544189453 0.4141870141029358 0.24801599979400635 0.25694403052330017
15 0.8452379703521729 0.14384901523590088 0.3055559992790222 0.28769803047180176
15 0.25595200061798096 0.499504029750824 0.16716301441192627 0.1994049847126007
15 0.15922600030899048 0.45899498462677 0.14632904529571533 0.22949698567390442
19 0.5763890147209167 0.2643849849700928 0.1215280294418335 0.18551599979400635
19 0.39719700813293457 0.34970200061798096 0.10243105888366699 0.138558030128479
19 0.2893109917640686 0.4532080292701721 0.11036694049835205 0.1471560001373291
19 0.1760910153388977 0.4072420001029968 0.11111104488372803 0.1431879997253418
19 0.7340030074119568 0.11078023910522461 0.11036694049835205 0.22156047821044922
