15 0.2509920001029968 0.1945679932832718 0.2976189851760864 0.2026289999485016
15 0.6349210143089294 0.11049100011587143 0.35780397057533264 0.12276799976825714
15 0.6089619994163513 0.21999000012874603 0.3435850143432617 0.11309501528739929
15 0.4120369553565979 0.28248998522758484 0.24867698550224304 0.22122998535633087
15 0.32655400037765503 0.3369300067424774 0.3336640000343323 0.15947401523590088
15 0.2552909851074219 0.4027779996395111 0.3869050145149231 0.13591301441192627
15 0.21792301535606384 0.4610620141029358 0.3869050145149231 0.09920597076416016
15 0.0613429993391037 0.6416170001029968 0.12202399969100952 0.26190507411956787
15 0.16832000017166138 0.703620970249176 0.12962999939918518 0.25
15 0.2819109857082367 0.71875 0.13789701461791992 0.2673609256744385
15 0.3551590144634247 0.5419149994850159 0.3624339699745178 0.07986104488372803
15 0.4573409855365753 0.6049110293388367 0.34788399934768677 0.07638895511627197
15 0.48892199993133545 0.6949399709701538 0.37665295600891113 0.0947420597076416
15 0.537202000617981 0.7978670001029968 0.36673304438591003 0.10466301441192627
15 0.5752310156822205 0.40488600730895996 0.15244698524475098 0.2522319555282593
15 0.7154430150985718 0.5628719925880432 0.3263890743255615 0.15203401446342468
15 0.8210980296134949 0.4910709857940674 0.33333301544189453 0.11210298538208008
15 0.7951390147209167 0.4016619920730591 0.3250659704208374 0.10788702964782715
15 0.8103510141372681 0.31758400797843933 0.3581349849700928 0.09499001502990723
16 0.7556220293045044 0.13591299951076508 0.15410101413726807 0.11111100763082504
16 0.7283400297164917 0.2383430004119873 0.11342597007751465 0.08531701564788818
16 0.9151790142059326 0.33048099279403687 0.10482800006866455 0.07316499948501587
16 0.91600501537323 0.40488600730895996 0.10052895545959473 0.07118099927902222
16 0.953703761100769 0.5138890147209167 0.09259247779846191 0.07986101508140564
16 0.625495970249176 0.328372985124588 0.08895504474639893 0.08829396963119507
16 0.8210980296134949 0.6032990217208862 0.10052895545959473 0.09499001502990723
16 0.5881279706954956 0.5984619855880737 0.11210298538208008 0.0634920597076416
16 0.6053239703178406 0.6777030229568481 0.07771193981170654 0.06919598579406738
16 0.6736109852790833 0.8125 0.10780394077301025 0.0927579402923584
16 0.4960319995880127 0.5504710078239441 0.10648098587989807 0.0776289701461792
16 0.2589290142059326 0.625495970249176 0.09788399934768677 0.09375
16 0.17129600048065186 0.6184279918670654 0.11507899314165115 0.08854198455810547
16 0.06035099923610687 0.5564240217208862 0.0949070006608963 0.09151804447174072
16 0.32936498522758484 0.491690993309021 0.1210319995880127 0.06572401523590088
16 0.13095200061798096 0.3742560148239136 0.11772500723600388 0.08085298538208008
16 0.44857800006866455 0.38826900720596313 0.10350501537322998 0.06572401523590088
16 0.5039680004119873 0.367684006690979 0.08201098442077637 0.07217299938201904
16 0.161871999502182 0.27170100808143616 0.13392901420593262 0.06572401523590088
