17 0.535053014755249 0.8943449854850769 0.08333301544189453 0.06349200010299683
17 0.6534389853477478 0.7331350445747375 0.08201098442077637 0.06894798576831818
17 0.9087299704551697 0.7250739932060242 0.10052895545959473 0.06572401523590088
17 0.7786039710044861 0.6737350225448608 0.08763206005096436 0.06473201513290405
17 0.6544309854507446 0.6232640147209167 0.0892859697341919 0.08631002902984619
17 0.806052029132843 0.5487350225448608 0.09623003005981445 0.06473201513290405
17 0.7217260003089905 0.37673598527908325 0.08631002902984619 0.06795597076416016
17 0.8404430150985718 0.3158479928970337 0.0876319408416748 0.06919598579406738
17 0.9361770153045654 0.38864099979400635 0.10052895545959473 0.07886898517608643
17 0.3164680004119873 0.7703369855880737 0.08333301544189453 0.05952398478984833
17 0.19212999939918518 0.6883679628372192 0.09060800075531006 0.06572401523590088
17 0.12003999948501587 0.8236609697341919 0.10780400037765503 0.07341301441192627
17 0.039021000266075134 0.6748510003089905 0.07738099992275238 0.07539701461791992
15 0.5039680004119873 0.5261660218238831 0.3465609848499298 0.15748998522758484
15 0.37466901540756226 0.4801589846611023 0.32341304421424866 0.16716301441192627
15 0.5471230149269104 0.3158479928970337 0.3204370439052582 0.21354198455810547
15 0.2164350152015686 0.20151299238204956 0.3839290142059326 0.21155798435211182
16 0.385250985622406 0.5789929628372192 0.1091269850730896 0.058283984661102295
16 0.26173898577690125 0.5313739776611328 0.10945801436901093 0.07118099927902222
16 0.43931901454925537 0.3902530074119568 0.09623003005981445 0.06671595573425293
16 0.08432500064373016 0.2699649930000305 0.11640200018882751 0.07217299938201904
