15 0.7835649847984314 0.5472469925880432 0.2000659704208374 0.45957303047180176
15 0.5815150141716003 0.5466269850730896 0.20138895511627197 0.4538689851760864
15 0.3946760296821594 0.5403029918670654 0.18683898448944092 0.4496530294418335
15 0.19113802909851074 0.5461310148239136 0.19113802909851074 0.45734095573425293
16 0.7900130152702332 0.3778519928455353 0.1210319995880127 0.13368099927902222
16 0.7080029845237732 0.38492101430892944 0.07738101482391357 0.12202399969100952
16 0.6676590442657471 0.3876489996910095 0.0403439998626709 0.0972219705581665
16 0.5327379703521729 0.390377014875412 0.04894202947616577 0.11755996942520142
16 0.5922620296478271 0.38430100679397583 0.0965610146522522 0.13368099927902222
16 0.5181879997253418 0.37251999974250793 0.025794029235839844 0.07539701461791992
16 0.4543650150299072 0.3870289921760559 0.050264954566955566 0.08308500051498413
16 0.38954997062683105 0.3865329921245575 0.10515904426574707 0.15104198455810547
16 0.24867701530456543 0.38492101430892944 0.07341301441192627 0.11756002902984619
16 0.17311501502990723 0.37251999974250793 0.12070095539093018 0.11656701564788818
