16 0.5211640000343323 0.10354700684547424 0.2175929844379425 0.13616102933883667
16 0.5186840295791626 0.281497985124588 0.18683898448944092 0.11111098527908325
16 0.4621359705924988 0.16629499197006226 0.1438489854335785 0.09994995594024658
16 0.4146830141544342 0.24404799938201904 0.08730202913284302 0.07440495491027832
16 0.4626320004463196 0.32651299238204956 0.13227498531341553 0.0776289701461792
16 0.43386200070381165 0.3727680444717407 0.10648101568222046 0.07291698455810547
16 0.40625 0.38839301466941833 0.08961600065231323 0.07043701410293579
16 0.5203369855880737 0.4716019928455353 0.1663360297679901 0.10243099927902222
16 0.4246029853820801 0.5751489996910095 0.09920597076416016 0.03769803047180176
16 0.5729169845581055 0.6455850005149841 0.263558030128479 0.10168695449829102
16 0.5694440007209778 0.8350690007209778 0.23677197098731995 0.10962295532226562
16 0.5009920001029968 0.7760419845581055 0.16005301475524902 0.08730196952819824
16 0.4642859995365143 0.7410709857940674 0.13955003023147583 0.07043695449829102
16 0.43535101413726807 0.6991569995880127 0.11408698558807373 0.06498003005981445
