15 0.5218250155448914 0.5436509847640991 0.23611101508140564 0.34523797035217285
15 0.78125 0.5348880290985107 0.289186954498291 0.14384901523590088
15 0.5504710078239441 0.2675260007381439 0.29985103011131287 0.11243396997451782
15 0.56113600730896 0.8210980296134949 0.27604198455810547 0.19576704502105713
15 0.398934006690979 0.38541701436042786 0.2705850303173065 0.16964298486709595
15 0.6437249779701233 0.11805599927902222 0.19717299938201904 0.23545002937316895
17 0.2889379858970642 0.09077399969100952 0.06993997097015381 0.10350501537322998
17 0.1871280074119568 0.39186498522758484 0.07762899994850159 0.10185199975967407
17 0.23611100018024445 0.5651460289955139 0.07638898491859436 0.10912704467773438
17 0.3159720003604889 0.9457669854164124 0.08531701564788818 0.10846602916717529
17 0.327877014875412 0.4594910144805908 0.0744050145149231 0.09623003005981445
17 0.445809006690979 0.03538399934768677 0.06919598579406738 0.07010602951049805
17 0.7607889771461487 0.37466898560523987 0.08407700061798096 0.11044996976852417
16 0.30245500802993774 0.3430889844894409 0.0667160153388977 0.09358501434326172
16 0.8669390082359314 0.15889602899551392 0.11979198455810547 0.10482800006866455
16 0.8949649930000305 0.5363759994506836 0.08953404426574707 0.1296299695968628
16 0.6598460078239441 0.6592260003089905 0.10243093967437744 0.07043695449829102
16 0.665427029132843 0.7635579705238342 0.07440495491027832 0.08333301544189453
16 0.44704899191856384 0.4279100000858307 0.07762902975082397 0.09920603036880493
