17 0.2380950003862381 0.045882999897003174 0.09325399994850159 0.06894800066947937
17 0.22519800066947937 0.15749000012874603 0.10780400037765503 0.0744049921631813
17 0.36375701427459717 0.1839040070772171 0.08333301544189453 0.05828401446342468
17 0.45023098587989807 0.048611000180244446 0.07771199941635132 0.06795600056648254
17 0.6198740005493164 0.1837799996137619 0.09490704536437988 0.07341298460960388
17 0.8569779992103577 0.19729700684547424 0.10615098476409912 0.07862100005149841
17 0.40839898586273193 0.2932789921760559 0.09788399934768677 0.06572401523590088
17 0.35019800066947937 0.41133400797843933 0.09325402975082397 0.06026798486709595
17 0.5292659997940063 0.35739099979400635 0.0949070155620575 0.0625
17 0.6613759994506836 0.2938989996910095 0.09788393974304199 0.07986098527908325
17 0.7521489858627319 0.3821919858455658 0.09490704536437988 0.07341301441192627
17 0.6369050145149231 0.47346198558807373 0.11507904529571533 0.06795597076416016
17 0.4738759994506836 0.5406749844551086 0.10515901446342468 0.07986104488372803
17 0.29563501477241516 0.6825399994850159 0.0846560001373291 0.06349194049835205
17 0.5507609844207764 0.7047370076179504 0.09490704536437988 0.07118093967437744
17 0.744047999382019 0.7203620076179504 0.09060800075531006 0.07018804550170898
17 0.733299970626831 0.8384180068969727 0.10945796966552734 0.0820930004119873
17 0.5823410153388977 0.9515129923820496 0.10648095607757568 0.0776289701461792
17 0.8735120296478271 0.491690993309021 0.07903397083282471 0.07217299938201904
17 0.9651119709014893 0.6355410218238831 0.06977498531341553 0.0776289701461792
