15 0.10018748790025711 0.12823328375816345 0.20037497580051422 0.2557625472545624
15 0.026148559525609016 0.8542119860649109 0.05229711905121803 0.2915760576725006
15 0.024507125839591026 0.9757384657859802 0.04901425167918205 0.04852310195565224
15 0.7147964239120483 0.382643461227417 0.4197680652141571 0.5626099705696106
15 0.5856608152389526 0.5623357892036438 0.38782352209091187 0.5247799158096313
15 0.41658055782318115 0.5707462430000305 0.40066835284233093 0.5435161590576172
17 0.2755787968635559 0.7249201536178589 0.38728204369544983 0.526397705078125
16 0.15538111329078674 0.7204857468605042 0.3107622265815735 0.5590284466743469
16 0.2752325236797333 0.9515913724899292 0.3454117774963379 0.09681721776723862
16 0.15946966409683228 0.23523098230361938 0.2063686102628708 0.2557625472545624
16 0.008686106652021408 0.5058753490447998 0.017372213304042816 0.25106164813041687
16 0.07285735756158829 0.9291346669197083 0.1324647217988968 0.1417306661605835
16 0.3098325729370117 0.895508885383606 0.1615973562002182 0.20432476699352264
16 0.4426286518573761 0.7596137523651123 0.16368134319782257 0.2079051434993744
