17 0.23313499987125397 0.140748992562294 0.12367698550224304 0.09697399288415909
17 0.4408070147037506 0.14657700061798096 0.11640197038650513 0.09821400046348572
17 0.660053014755249 0.1757189929485321 0.13492095470428467 0.09151798486709595
17 0.8196099996566772 0.3309769928455353 0.12665295600891113 0.09151798486709595
17 0.6183859705924988 0.34126999974250793 0.12367701530456543 0.09920603036880493
17 0.4163359999656677 0.320809006690979 0.13095200061798096 0.09697401523590088
17 0.20932501554489136 0.2974950075149536 0.13095201551914215 0.0895339846611023
17 0.20651501417160034 0.4523810148239136 0.1107800155878067 0.08631002902984619
17 0.40988799929618835 0.461434006690979 0.12929898500442505 0.08953401446342468
17 0.6025130152702332 0.48152297735214233 0.12632298469543457 0.10342296957969666
17 0.8043980002403259 0.48152297735214233 0.13657402992248535 0.09498998522758484
17 0.8101850152015686 0.6319440007209778 0.1164020299911499 0.0982140302658081
17 0.6125990152359009 0.6351690292358398 0.11805605888366699 0.0982140302658081
17 0.41121000051498413 0.6189240217208862 0.135250985622406 0.09796595573425293
17 0.20353800058364868 0.6049110293388367 0.1306220144033432 0.09375
17 0.17261900007724762 0.7521079778671265 0.140872985124588 0.09250998497009277
17 0.3789680004119873 0.7746779918670654 0.1335979700088501 0.10143804550170898
17 0.586143970489502 0.7855899930000305 0.13657402992248535 0.09697401523590088
17 0.806547999382019 0.790922999382019 0.13227498531341553 0.10367095470428467
