16 0.20163702964782715 0.6269840002059937 0.16418695449829102 0.27976202964782715
16 0.08717799186706543 0.47982800006866455 0.09350204467773438 0.14947101473808289
16 0.6396329998970032 0.7810850143432617 0.10714298486709595 0.09060798585414886
16 0.6400049924850464 0.7053569555282593 0.09846198558807373 0.0886240005493164
16 0.6243799924850464 0.6030089855194092 0.0895339846611023 0.11210298538208008
16 0.7395829558372498 0.6269840002059937 0.09127001464366913 0.11706298589706421
16 0.6908479928970337 0.3010910153388977 0.10739099979400635 0.13789701461791992
16 0.9773070216178894 0.7166010141372681 0.04489099979400635 0.08333301544189453
16 0.9512649774551392 0.1613759994506836 0.09697400033473969 0.1567460298538208
16 0.3324649930000305 0.7939810156822205 0.04489099979400635 0.06084701418876648
15 0.7057290077209473 0.7561179995536804 0.22792698442935944 0.1471560001373291
15 0.5231890082359314 0.6952710151672363 0.33358097076416016 0.13657398521900177
15 0.4649059772491455 0.5186840295791626 0.41195395588874817 0.2893519997596741
15 0.06746023893356323 0.32870399951934814 0.13492047786712646 0.4404759705066681
15 0.2496280074119568 0.41898101568222046 0.23586297035217285 0.6765869855880737
15 0.4924359917640686 0.18220901489257812 0.4769350290298462 0.3584660291671753
15 0.7373510003089905 0.12367701530456543 0.5168650150299072 0.24735403060913086
15 0.8480899930000305 0.4594910144805908 0.30332303047180176 0.4460979700088501
15 0.9025300145149231 0.5853170156478882 0.18948400020599365 0.2943119704723358
15 0.8155999779701233 0.6471560001373291 0.24330398440361023 0.3306879997253418
