15 0.6074740290641785 0.6836559772491455 0.2546299695968628 0.43229198455810547
15 0.7620700001716614 0.6625739932060242 0.27876996994018555 0.4139379560947418
15 0.9054229855537415 0.6226440072059631 0.18915295600891113 0.40104198455810547
16 0.6529430150985718 0.8329610228538513 0.16104495525360107 0.12723195552825928
16 0.8477180004119873 0.827629029750824 0.13657402992248535 0.11855196952819824
16 0.964451014995575 0.7952629923820496 0.0710979700088501 0.10788702964782715
16 0.5838289856910706 0.1483130007982254 0.12929904460906982 0.125
16 0.390377014875412 0.18167200684547424 0.13657397031784058 0.12276799231767654
16 0.2091600000858307 0.18229199945926666 0.13657398521900177 0.1175599992275238
16 0.06051599979400635 0.17410700023174286 0.11772499978542328 0.1056549921631813
16 0.3336640000343323 0.29117101430892944 0.13492101430892944 0.11954401433467865
16 0.15046299993991852 0.27864599227905273 0.14814800024032593 0.1207839846611023
15 0.5773810148239136 0.2496280074119568 0.14550304412841797 0.3320930004119873
16 0.10135599970817566 0.3913689851760864 0.14517199993133545 0.1284719705581665
16 0.29976901412010193 0.41145798563957214 0.13657398521900177 0.14236098527908325
16 0.26107800006866455 0.5390620231628418 0.14781701564788818 0.12624001502990723
16 0.051256999373435974 0.5181049704551697 0.10185199975967407 0.11011898517608643
17 0.1676589995622635 0.7273070216178894 0.17989400029182434 0.12921595573425293
