17 0.046254999935626984 0.5636569857597351 0.09201399981975555 0.20998701453208923
17 0.10404299944639206 0.901951014995575 0.1877480000257492 0.1960979700088501
17 0.06783200800418854 0.06200399994850159 0.13516899943351746 0.12334699928760529
17 0.3526790142059326 0.9507277607917786 0.1607140302658081 0.09854447841644287
17 0.29055100679397583 0.6636899709701538 0.1445930004119873 0.1970900297164917
17 0.20374499261379242 0.3308529853820801 0.15005001425743103 0.1954370141029358
17 0.3828119933605194 0.09573400020599365 0.1520339846611023 0.18287000060081482
17 0.4766870141029358 0.422122985124588 0.13045597076416016 0.16832000017166138
17 0.5558040142059326 0.773643970489502 0.1597219705581665 0.18683898448944092
17 0.8070440292358398 0.8176259994506836 0.17261898517608643 0.2027120590209961
17 0.719245970249176 0.5069440007209778 0.15625 0.21693098545074463
17 0.662697970867157 0.18766500055789948 0.15525805950164795 0.23710301518440247
