16 0.6449614763259888 0.02517067827284336 0.0948573425412178 0.05034135654568672
15 0.5157023072242737 0.00834506843239069 0.07943905889987946 0.01669013686478138
17 0.662608802318573 0.558738112449646 0.07940743118524551 0.11845153570175171
17 0.7705095410346985 0.5570194721221924 0.304178923368454 0.2983117997646332
17 0.7929545640945435 0.2233877182006836 0.08702194690704346 0.12123088538646698
17 0.6964390277862549 0.4217430055141449 0.08467061072587967 0.11548139154911041
17 0.5268707871437073 0.39224252104759216 0.08585967123508453 0.11251834034919739
17 0.4098254144191742 0.2645765244960785 0.081672802567482 0.10828032344579697
17 0.6367359757423401 0.07122065126895905 0.0948573425412178 0.08155447989702225
17 0.502559244632721 0.05841124430298805 0.07943905889987946 0.11359197646379471
17 0.7318424582481384 0.9677128195762634 0.08560553938150406 0.06457439810037613
17 0.6329911351203918 0.8159980773925781 0.08159752190113068 0.11280567198991776
17 0.508543848991394 0.664279580116272 0.07616186887025833 0.10599993914365768
17 0.3078088164329529 0.5945465564727783 0.07872657477855682 0.11504504829645157
17 0.19088873267173767 0.4090064465999603 0.09497667849063873 0.13674624264240265
17 0.09942629188299179 0.5143575668334961 0.08859944343566895 0.1160893514752388
17 0.2662627100944519 0.7450955510139465 0.07245026528835297 0.11550331115722656
17 0.1559639275074005 0.7557521462440491 0.08357856422662735 0.13274474442005157
17 0.14296887814998627 0.9109985828399658 0.09016408771276474 0.1278175562620163
17 0.2740425169467926 0.9082077741622925 0.08372924476861954 0.12369490414857864
17 0.38745012879371643 0.9338942170143127 0.07456791400909424 0.12119738012552261
