15 0.4680890142917633 0.6819199919700623 0.17427200078964233 0.25570398569107056
15 0.39186498522758484 0.5341019630432129 0.13359802961349487 0.2576879858970642
15 0.7757940292358398 0.7418149709701538 0.3207669258117676 0.17261898517608643
15 0.19130301475524902 0.3356890082359314 0.31911396980285645 0.22544598579406738
15 0.3171299993991852 0.22470200061798096 0.09325402975082397 0.28769803047180176
15 0.5277780294418335 0.15302598476409912 0.12367701530456543 0.2911710739135742
15 0.625495970249176 0.4722219705581665 0.2589290142059326 0.23710298538208008
15 0.7010579705238342 0.36222702264785767 0.19113802909851074 0.2740579843521118
15 0.8138229846954346 0.35354697704315186 0.19841301441192627 0.2566959857940674
15 0.8943449854850769 0.2569440007209778 0.20998704433441162 0.2728170156478882
17 0.9738757610321045 0.5686999559402466 0.052248477935791016 0.07638901472091675
17 0.03753301501274109 0.5696920156478882 0.0744050145149231 0.08730202913284302
17 0.04695802927017212 0.4569690227508545 0.09060800075531006 0.07118105888366699
17 0.5636569857597351 0.5644840002059937 0.09755301475524902 0.0744050145149231
17 0.6549270153045654 0.6403770446777344 0.10482800006866455 0.06894797086715698
17 0.4277450442314148 0.20362097024917603 0.10482800006866455 0.09920597076416016
16 0.3897159993648529 0.6226440072059631 0.09490698575973511 0.08308500051498413
16 0.42989400029182434 0.7714530229568481 0.09788399934768677 0.07862098515033722
16 0.29910698533058167 0.4095979928970337 0.09490698575973511 0.0776289701461792
16 0.3055559992790222 0.11470699310302734 0.08201098442077637 0.09151804447174072
16 0.5176920294761658 0.05208301544189453 0.08895504474639893 0.08730196952819824
16 0.5320770144462585 0.38095200061798096 0.09788405895233154 0.08085298538208008
16 0.6435189843177795 0.2624009847640991 0.07341301441192627 0.07440495491027832
16 0.7433859705924988 0.24355202913284302 0.09193098545074463 0.07539701461791992
16 0.8159719705581665 0.1491820216178894 0.07638895511627197 0.06572401523590088
16 0.9389879703521729 0.15625 0.0777120590209961 0.0669640302658081
