15 0.7408230304718018 0.44824695587158203 0.10813498497009277 0.4467589557170868
15 0.6212800145149231 0.4662700295448303 0.09920597076416016 0.45767202973365784
15 0.5075640082359314 0.6043319702148438 0.17038702964782715 0.6412039995193481
15 0.37239599227905273 0.5848209857940674 0.1440969705581665 0.6259920597076416
15 0.25235599279403687 0.6565807461738586 0.18725204467773438 0.6868385076522827
15 0.7884420156478882 0.4045970141887665 0.09275799989700317 0.39583295583724976
16 0.7876980304718018 0.2728169858455658 0.05902796983718872 0.13227498531341553
16 0.7377229928970337 0.28125 0.07118105888366699 0.13657401502132416
16 0.6821680068969727 0.28389599919319153 0.06721198558807373 0.14186501502990723
16 0.6092510223388672 0.30423301458358765 0.0622519850730896 0.1289680004119873
16 0.5695680379867554 0.29679200053215027 0.06473201513290405 0.12929898500442505
16 0.4728419780731201 0.3842589855194092 0.08705401420593262 0.21031701564788818
16 0.3568950295448303 0.3783070147037506 0.08730196952819824 0.20039701461791992
16 0.21366602182388306 0.4231150150299072 0.1128469705581665 0.22387602925300598
