15 0.25082701444625854 0.5936260223388672 0.2675260305404663 0.37971198558807373
15 0.41898101568222046 0.6274799704551697 0.23875701427459717 0.3655749559402466
15 0.5441470146179199 0.5050839781761169 0.2443779706954956 0.3816959857940674
15 0.7101520299911499 0.5111610293388367 0.23445802927017212 0.37202396988868713
15 0.8510249853134155 0.37685999274253845 0.2972880005836487 0.3836809992790222
15 0.8855819702148438 0.8183280229568481 0.19113796949386597 0.3633430004119873
17 0.5886240005493164 0.06299600005149841 0.16666698455810547 0.125
16 0.8778109550476074 0.07601699233055115 0.16964298486709595 0.11631899327039719
16 0.9480819702148438 0.5186010003089905 0.0919310450553894 0.10664701461791992
16 0.8797950148582458 0.9650300145149231 0.1306220293045044 0.06993997097015381
16 0.7569440007209778 0.6625739932060242 0.12367701530456543 0.1098710298538208
16 0.604496955871582 0.6636899709701538 0.12367701530456543 0.11408698558807373
16 0.48941802978515625 0.7839779853820801 0.09788393974304199 0.11309504508972168
16 0.3220900297164917 0.7445440292358398 0.1164020299911499 0.0907740592956543
