17 0.0016581220552325249 0.7363708019256592 0.0033162441104650497 0.14033107459545135
17 0.2221049815416336 0.650115430355072 0.14043770730495453 0.14033107459545135
17 0.056662604212760925 0.3242068588733673 0.11332520842552185 0.11686696857213974
17 0.2009316086769104 0.46026432514190674 0.13926775753498077 0.1399819403886795
17 0.1795136034488678 0.2811889946460724 0.15213894844055176 0.1497628539800644
17 0.36262446641921997 0.6073988080024719 0.13644897937774658 0.13801005482673645
17 0.3347485363483429 0.4271376430988312 0.13462123274803162 0.1360500156879425
17 0.514784574508667 0.7455069422721863 0.14152969419956207 0.15055522322654724
17 0.48429015278816223 0.5557129383087158 0.12595106661319733 0.13233093917369843
17 0.4541744589805603 0.3778716027736664 0.14253273606300354 0.1457643061876297
17 0.31008219718933105 0.2406630516052246 0.14884035289287567 0.14651541411876678
17 0.6411581039428711 0.7003949880599976 0.13643747568130493 0.14281374216079712
17 0.6112989187240601 0.5051571726799011 0.1234673410654068 0.12282288819551468
17 0.5754107236862183 0.31541457772254944 0.14749249815940857 0.1458309441804886
17 0.4248441159725189 0.18695099651813507 0.1343652755022049 0.1337115615606308
17 0.7884031534194946 0.6511949300765991 0.1276460886001587 0.13255459070205688
17 0.7416113615036011 0.4697677791118622 0.1486286222934723 0.14277566969394684
17 0.5524541735649109 0.13446322083473206 0.13484396040439606 0.1349850445985794
17 0.7041956782341003 0.2837896943092346 0.1486063450574875 0.14644557237625122
17 0.8643409609794617 0.4111470878124237 0.13047631084918976 0.1297227442264557
