16 0.24342802166938782 0.5608469843864441 0.14558501541614532 0.20899498462677002
16 0.352306991815567 0.47701698541641235 0.09598201513290405 0.171627014875412
16 0.3943449854850769 0.41666701436042786 0.0744050145149231 0.15145498514175415
16 0.43154799938201904 0.3864090144634247 0.08333301544189453 0.15046298503875732
16 0.47519803047180176 0.35433200001716614 0.07291701436042786 0.13326698541641235
16 0.49069899320602417 0.5 0.08953401446342468 0.1812169849872589
16 0.5350940227508545 0.4391529858112335 0.08556497097015381 0.14748698472976685
16 0.5476189851760864 0.38260599970817566 0.07192504405975342 0.11507898569107056
16 0.5699399709701538 0.3612760007381439 0.06101202964782715 0.12136203050613403
16 0.6324399709701538 0.5378640294075012 0.09920597076416016 0.16964301466941833
16 0.6643109917640686 0.45089301466941833 0.08953404426574707 0.12136203050613403
16 0.6574900150299072 0.3964950144290924 0.08234095573425293 0.08928602933883667
16 0.678695023059845 0.3682210147380829 0.05927598476409912 0.09490698575973511
16 0.7750499844551086 0.3874010145664215 0.07440495491027832 0.135250985622406
15 0.24751999974250793 0.7255290150642395 0.18700401484966278 0.5429890155792236
15 0.46875 0.7056879997253418 0.15128996968269348 0.5886240005493164
15 0.6042910218238831 0.7339617609977722 0.16641902923583984 0.5320764780044556
