15 0.30423301458358765 0.30233097076416016 0.6078039407730103 0.3244049549102783
15 0.7938159704208374 0.280754029750824 0.3449070453643799 0.4409719705581665
16 0.8900460004806519 0.44357597827911377 0.10615098476409912 0.11532700061798096
16 0.9421297311782837 0.23226702213287354 0.11574047803878784 0.12177598476409912
16 0.05555599927902222 0.2068449854850769 0.11045002937316895 0.14236104488372803
15 0.2056879997253418 0.5066959857940674 0.3941800594329834 0.3427579700946808
17 0.31068098545074463 0.5465030074119568 0.17824101448059082 0.1401289701461792
17 0.8153110146522522 0.3583829998970032 0.2040339708328247 0.1607140302658081
17 0.6579030156135559 0.6274800300598145 0.19411396980285645 0.15327399969100952
17 0.4990079998970032 0.8286210298538208 0.201058030128479 0.15625
17 0.19279101490974426 0.7805060148239136 0.2301589846611023 0.15525801479816437
