16 0.7315230369567871 0.4227840006351471 0.0939980149269104 0.10615098476409912
16 0.7854660153388977 0.6297950148582458 0.08730199933052063 0.08895504474639893
16 0.5153770446777344 0.5745700001716614 0.07539698481559753 0.07903397083282471
16 0.312004029750824 0.5011569857597351 0.06993997097015381 0.11078000068664551
16 0.16108602285385132 0.5104169845581055 0.07217299938201904 0.11210298538208008
16 0.20585298538208008 0.3078700006008148 0.07341301441192627 0.09788399934768677
16 0.44729697704315186 0.3738430142402649 0.0776289701461792 0.09490698575973511
16 0.5126489996910095 0.3409389853477478 0.07886898517608643 0.0892859697341919
16 0.5508430004119873 0.4444440007209778 0.08631002902984619 0.09193098545074463
15 0.8695439696311951 0.7197420001029968 0.22767901420593262 0.20866405963897705
15 0.8209329843521118 0.40195098519325256 0.30307498574256897 0.20866400003433228
15 0.7175099849700928 0.29844599962234497 0.2380949854850769 0.2946430444717407
15 0.6118550300598145 0.5658069849014282 0.274802029132843 0.12235403060913086
15 0.4759420156478882 0.8753307461738586 0.07886898517608643 0.24933850765228271
15 0.3195679783821106 0.953703761100769 0.2512400150299072 0.09259247779846191
15 0.6075149774551392 0.3091929852962494 0.18427598476409912 0.3306879997253418
15 0.5664680004119873 0.20866400003433228 0.14136898517608643 0.34788399934768677
15 0.46676599979400635 0.23511898517608643 0.12301599979400635 0.3697090148925781
15 0.41121000051498413 0.4680890142917633 0.24057498574256897 0.17427200078964233
15 0.2419390082359314 0.4459330439567566 0.24280798435211182 0.2271830141544342
15 0.1476929783821106 0.18270501494407654 0.18328404426574707 0.3277119994163513
16 0.39298099279403687 0.9702379703521729 0.08308494091033936 0.0595240592956543
17 0.5197169780731201 0.7275130152702332 0.07762902975082397 0.09193098545074463
17 0.43167197704315186 0.7657080292701721 0.07217299938201904 0.09358501434326172
17 0.3590030074119568 0.23082000017166138 0.06671595573425293 0.0965610146522522
17 0.25595200061798096 0.21445100009441376 0.07886898517608643 0.11210301518440247
