15 0.8536717891693115 0.08967844396829605 0.29265642166137695 0.1793568879365921
15 0.9548268914222717 0.061801761388778687 0.09034620970487595 0.12360352277755737
15 0.8023684024810791 0.05518309026956558 0.3186221718788147 0.11036618053913116
15 0.07095600664615631 0.133028045296669 0.14191201329231262 0.266056090593338
15 0.012625324539840221 0.18872277438640594 0.025250649079680443 0.20163960754871368
15 0.29835429787635803 0.42166346311569214 0.3168739974498749 0.5863066911697388
16 0.4462969899177551 0.3913551867008209 0.3142260015010834 0.5997636318206787
16 0.6508042216300964 0.5181199908256531 0.403830885887146 0.7372684478759766
16 0.7624346017837524 0.6934472918510437 0.3439163267612457 0.6075055599212646
16 0.26734304428100586 0.24221563339233398 0.42154863476753235 0.48443126678466797
16 0.5815966725349426 0.40935978293418884 0.3186221718788147 0.6105284690856934
16 0.10767111927270889 0.2865382134914398 0.13634781539440155 0.20163960754871368
16 0.22488334774971008 0.5785420536994934 0.16993245482444763 0.23863068222999573
