17 0.9926047325134277 0.0576636902987957 0.014790555462241173 0.1153273805975914
17 0.9122628569602966 0.010729753412306309 0.17128317058086395 0.021459506824612617
17 0.014356369152665138 0.014631845988333225 0.028712738305330276 0.02926369197666645
17 0.06137222796678543 0.06001405790448189 0.12274445593357086 0.12002811580896378
17 0.018125351518392563 0.22521983087062836 0.036250703036785126 0.14646075665950775
17 0.948795735836029 0.47760018706321716 0.10240849107503891 0.15173976123332977
17 0.7870125770568848 0.5572212338447571 0.15987041592597961 0.1311541646718979
17 0.5913456082344055 0.6818491816520691 0.1691460758447647 0.1367242932319641
17 0.8890121579170227 0.37940356135368347 0.15767687559127808 0.13064201176166534
17 0.6811126470565796 0.46706539392471313 0.1636873036623001 0.13552284240722656
17 0.9205211997032166 0.1990557312965393 0.1589576005935669 0.13837595283985138
17 0.7025718688964844 0.3010454773902893 0.15647342801094055 0.12883155047893524
17 0.47243767976760864 0.6027698516845703 0.1576600968837738 0.12880972027778625
17 0.3797932267189026 0.7837904691696167 0.1825745403766632 0.14723239839076996
17 0.5130414962768555 0.4289277493953705 0.1746976673603058 0.14592084288597107
17 0.1929130107164383 0.8073803782463074 0.1740650087594986 0.1395936906337738
17 0.32985129952430725 0.5619304776191711 0.1575239896774292 0.1295190453529358
17 0.12573546171188354 0.6838361620903015 0.1639389544725418 0.13344213366508484
17 0.32229238748550415 0.40924251079559326 0.17072930932044983 0.13925732672214508
17 0.13186904788017273 0.5241472125053406 0.18370483815670013 0.15173977613449097
