17 0.20717599987983704 0.9063739776611328 0.09226198494434357 0.07118105888366699
17 0.0431549996137619 0.892857015132904 0.08035700023174286 0.07242095470428467
17 0.8037369847297668 0.16542699933052063 0.07771193981170654 0.06894800066947937
17 0.9573410153388977 0.343997985124588 0.08531701564788818 0.06795603036880493
15 0.7174270153045654 0.5817210078239441 0.2761240005493164 0.21155798435211182
15 0.8253970146179199 0.4728420078754425 0.14947104454040527 0.2586809992790222
15 0.6579030156135559 0.3816959857940674 0.1597219705581665 0.2579369843006134
15 0.4629630446434021 0.6248760223388672 0.13227501511573792 0.2740579843521118
15 0.18485400080680847 0.5703120231628418 0.12235400080680847 0.2512400150299072
15 0.14335301518440247 0.7266870141029358 0.28604501485824585 0.05506002902984619
17 0.02827399969100952 0.47060996294021606 0.05588600039482117 0.09498998522758484
15 0.18915300071239471 0.27653801441192627 0.2777779996395111 0.1681550145149231
15 0.4358470141887665 0.20969697833061218 0.24735397100448608 0.19618098437786102
15 0.4573409855365753 0.31857600808143616 0.31613796949386597 0.16592299938201904
15 0.4558529853820801 0.3973209857940674 0.31911396980285645 0.14236098527908325
15 0.24669300019741058 0.4954119920730591 0.25132301449775696 0.23288702964782715
15 0.19626300036907196 0.569320023059845 0.13392898440361023 0.24280798435211182
15 0.24636200070381165 0.3861609995365143 0.29894202947616577 0.1443449854850769
16 0.4824739694595337 0.517857015132904 0.07738098502159119 0.07142901420593262
16 0.6135910153388977 0.5159969925880432 0.06911396980285645 0.06622001528739929
16 0.787697970867157 0.3901289999485016 0.0681220293045044 0.07589298486709595
16 0.6238430142402649 0.2879459857940674 0.07704997062683105 0.07142901420593262
16 0.5616729855537415 0.24776801466941833 0.0750659704208374 0.06150801479816437
16 0.549107015132904 0.2899309992790222 0.06382298469543457 0.05257898569107056
16 0.3420970141887665 0.2684769928455353 0.07903403043746948 0.05629998445510864
16 0.3255620002746582 0.34846198558807373 0.09226202964782715 0.057044029235839844
16 0.35019800066947937 0.43873998522758484 0.09523802995681763 0.051091015338897705
16 0.17030400037765503 0.4259670078754425 0.09589899331331253 0.0662199854850769
16 0.19328700006008148 0.4965279996395111 0.08234098553657532 0.09027796983718872
