16 0.26951098442077637 0.10404300689697266 0.18716895580291748 0.13368099927902222
16 0.2630620002746582 0.2738099992275238 0.1597219705581665 0.10466301441192627
16 0.4045969843864441 0.4522570073604584 0.17559504508972168 0.14012902975082397
16 0.5570440292358398 0.834077000617981 0.15244704484939575 0.0947420597076416
16 0.3693779706954956 0.8891370296478271 0.173941969871521 0.0927579402923584
16 0.8151459693908691 0.772072970867157 0.1541009545326233 0.10019803047180176
16 0.6706349849700928 0.5709329843521118 0.1091269850730896 0.11656701564788818
16 0.5815150141716003 0.5374500155448914 0.13525092601776123 0.1294640302658081
16 0.8941799998283386 0.9742059707641602 0.173941969871521 0.05158698558807373
16 0.28885602951049805 0.9730899930000305 0.17691802978515625 0.05381906032562256
15 0.4528769850730896 0.1019349992275238 0.5677909851074219 0.1597220003604889
15 0.44923901557922363 0.27653801441192627 0.6266529560089111 0.13789701461791992
15 0.19725525379180908 0.4151790142059326 0.39451050758361816 0.13492101430892944
15 0.1858469843864441 0.5390620231628418 0.3716930150985718 0.1024310290813446
15 0.14335298538208008 0.6646829843521118 0.28670597076416016 0.1488100290298462
15 0.20882925391197205 0.8136159777641296 0.4176585078239441 0.2309030294418335
15 0.4543650150299072 0.5817210078239441 0.2056879997253418 0.4184030294418335
15 0.7619050145149231 0.40810999274253845 0.46164000034332275 0.327629029750824
15 0.7949739694595337 0.5240579843521118 0.3955029845237732 0.16716301441192627
15 0.7137899994850159 0.8621029853820801 0.5492719411849976 0.15079402923583984
15 0.5003310441970825 0.9086059927940369 0.5965610146522522 0.18229198455810547
