17 0.045882999897003174 0.7619050145149231 0.06894800066947937 0.09325399994850159
17 0.15749000012874603 0.7748019695281982 0.0744049921631813 0.10780400037765503
17 0.1839040070772171 0.6362429857254028 0.05828401446342468 0.08333301544189453
17 0.048611000180244446 0.5497690439224243 0.06795600056648254 0.07771199941635132
17 0.1837799996137619 0.3801259994506836 0.07341298460960388 0.09490704536437988
17 0.19729700684547424 0.14302200078964233 0.07862100005149841 0.10615098476409912
17 0.2932789921760559 0.5916010141372681 0.06572401523590088 0.09788399934768677
17 0.41133400797843933 0.6498019695281982 0.06026798486709595 0.09325402975082397
17 0.35739099979400635 0.47073400020599365 0.0625 0.0949070155620575
17 0.2938989996910095 0.3386240005493164 0.07986098527908325 0.09788393974304199
17 0.3821919858455658 0.24785101413726807 0.07341301441192627 0.09490704536437988
17 0.47346198558807373 0.3630949854850769 0.06795597076416016 0.11507904529571533
17 0.5406749844551086 0.5261240005493164 0.07986104488372803 0.10515901446342468
17 0.6825399994850159 0.7043650150299072 0.06349194049835205 0.0846560001373291
17 0.7047370076179504 0.44923901557922363 0.07118093967437744 0.09490704536437988
17 0.7203620076179504 0.25595200061798096 0.07018804550170898 0.09060800075531006
17 0.8384180068969727 0.26670002937316895 0.0820930004119873 0.10945796966552734
17 0.9515129923820496 0.4176589846611023 0.0776289701461792 0.10648095607757568
17 0.491690993309021 0.12648797035217285 0.07217299938201904 0.07903397083282471
17 0.6355410218238831 0.03488802909851074 0.0776289701461792 0.06977498531341553
