16 0.013144584372639656 0.8057950139045715 0.026289168745279312 0.11455006152391434
16 0.01365252397954464 0.6551849246025085 0.02730504795908928 0.10235483199357986
16 0.01091404166072607 0.6570463180541992 0.02182808332145214 0.15892447531223297
16 0.6274771690368652 0.23847933113574982 0.12330625206232071 0.11532437056303024
16 0.8156434297561646 0.49063941836357117 0.1367264688014984 0.09196550399065018
16 0.8287506699562073 0.5901935696601868 0.11470353603363037 0.07025916874408722
16 0.8213804364204407 0.7066287398338318 0.12531010806560516 0.09117844700813293
16 0.7478458285331726 0.7714579701423645 0.11405050754547119 0.06918956339359283
16 0.6572775840759277 0.84038245677948 0.1355726718902588 0.09693311154842377
16 0.29146963357925415 0.8637080192565918 0.09650716185569763 0.06887037307024002
16 0.15732412040233612 0.7685237526893616 0.12418317049741745 0.11455006152391434
16 0.05696054920554161 0.6384689807891846 0.11392109841108322 0.10235483199357986
16 0.03261895477771759 0.4624704420566559 0.06523790955543518 0.09231965988874435
15 0.09079131484031677 0.31255945563316345 0.1097065731883049 0.08651507645845413
15 0.18581074476242065 0.2228442132472992 0.10575520992279053 0.10415316373109818
15 0.5584145784378052 0.19174312055110931 0.09948945045471191 0.08006151765584946
15 0.5759899020195007 0.3105013966560364 0.30545175075531006 0.2455432415008545
15 0.4973808526992798 0.27018511295318604 0.3164621591567993 0.2368166446685791
15 0.7040959000587463 0.4617983400821686 0.34600162506103516 0.19463065266609192
15 0.7142269015312195 0.5631388425827026 0.34305766224861145 0.19854426383972168
15 0.730251669883728 0.6664392948150635 0.381087988615036 0.2752375602722168
15 0.6380847096443176 0.7216669917106628 0.3238261342048645 0.24578601121902466
15 0.5647916197776794 0.7857762575149536 0.3098125159740448 0.24992302060127258
15 0.26637327671051025 0.2902565598487854 0.27096977829933167 0.2874830365180969
15 0.18321101367473602 0.3593677580356598 0.31895655393600464 0.26324689388275146
15 0.14887209236621857 0.4830736815929413 0.29774418473243713 0.1776486039161682
17 0.16073285043239594 0.5992196798324585 0.32146570086479187 0.15892447531223297
17 0.2537861168384552 0.6863408088684082 0.33801132440567017 0.20299556851387024
17 0.36550918221473694 0.7603992223739624 0.31608593463897705 0.258210152387619
17 0.5074012875556946 0.45585471391677856 0.10483607649803162 0.07731929421424866
17 0.5249727964401245 0.5684179663658142 0.08671314269304276 0.06698023527860641
17 0.41966062784194946 0.6205254793167114 0.10281018912792206 0.0814099982380867
17 0.3132249712944031 0.5618780851364136 0.09638319909572601 0.0801696926355362
