15 0.6096675395965576 0.6297221779823303 0.6385044455528259 0.2988976836204529
15 0.518333375453949 0.2286989539861679 0.5791683793067932 0.26102644205093384
15 0.5467077493667603 0.42440372705459595 0.5847719311714172 0.23129411041736603
15 0.4792504906654358 0.09432726353406906 0.5540145635604858 0.18865452706813812
16 0.28946635127067566 0.0660233423113823 0.14139340817928314 0.1320466846227646
16 0.3193780183792114 0.238809272646904 0.14613397419452667 0.1303713619709015
16 0.35417598485946655 0.4388066828250885 0.15986835956573486 0.12463556975126266
16 0.36812901496887207 0.6540243625640869 0.14915288984775543 0.13472461700439453
16 0.3542459309101105 0.5829764008522034 0.09666956216096878 0.08202287554740906
16 0.3507770299911499 0.5186235308647156 0.08357860893011093 0.07837113738059998
16 0.3362414240837097 0.3483913242816925 0.1268303096294403 0.09313271939754486
16 0.3034687340259552 0.1580781787633896 0.10679063946008682 0.08163966983556747
16 0.27474457025527954 0.01747601293027401 0.11823964864015579 0.03495202586054802
