16 0.8964530229568481 0.5211640000343323 0.13616102933883667 0.2175929844379425
16 0.7185020446777344 0.5186840295791626 0.11111098527908325 0.18683898448944092
16 0.8337050080299377 0.4621359705924988 0.09994995594024658 0.1438489854335785
16 0.755952000617981 0.4146830141544342 0.07440495491027832 0.08730202913284302
16 0.6734870076179504 0.4626320004463196 0.0776289701461792 0.13227498531341553
16 0.6272319555282593 0.43386200070381165 0.07291698455810547 0.10648101568222046
16 0.6116069555282593 0.40625 0.07043701410293579 0.08961600065231323
16 0.5283980369567871 0.5203369855880737 0.10243099927902222 0.1663360297679901
16 0.4248510003089905 0.4246029853820801 0.03769803047180176 0.09920597076416016
16 0.35441499948501587 0.5729169845581055 0.10168695449829102 0.263558030128479
16 0.16493099927902222 0.5694440007209778 0.10962295532226562 0.23677197098731995
16 0.22395801544189453 0.5009920001029968 0.08730196952819824 0.16005301475524902
16 0.2589290142059326 0.4642859995365143 0.07043695449829102 0.13955003023147583
16 0.3008430004119873 0.43535101413726807 0.06498003005981445 0.11408698558807373
