17 0.3300260007381439 0.1956849992275238 0.17129600048065186 0.1011900007724762
17 0.3789680004119873 0.4097220003604889 0.16269803047180176 0.1130949854850769
17 0.6018519997596741 0.39570900797843933 0.16798901557922363 0.10689502954483032
17 0.9212960004806519 0.3272570073604584 0.15740704536437988 0.12723201513290405
17 0.5256279706954956 0.5818449854850769 0.14517199993133545 0.10565495491027832
17 0.15757299959659576 0.437252014875412 0.1709659993648529 0.09920603036880493
17 0.18915300071239471 0.6308280229568481 0.17394199967384338 0.10044598579406738
17 0.608299970626831 0.812995970249176 0.14384901523590088 0.11111104488372803
17 0.19808200001716614 0.8669390082359314 0.18849200010299683 0.10689496994018555
15 0.7427250146865845 0.880952000617981 0.2658729553222656 0.23809504508972168
15 0.8594577312469482 0.8454859852790833 0.28108447790145874 0.2857140302658081
15 0.9249340295791626 0.7121779918670654 0.1501319408416748 0.22197401523590088
16 0.10069400072097778 0.9403520226478577 0.14649498462677002 0.11532700061798096
