15 0.5271579623222351 0.8232470154762268 0.28050604462623596 0.20535695552825928
15 0.5746530294418335 0.6291339993476868 0.2524799704551697 0.17691802978515625
15 0.5832090377807617 0.34160101413726807 0.17683500051498413 0.31481504440307617
15 0.6889879703521729 0.24586600065231323 0.18551599979400635 0.31911396980285645
15 0.36383897066116333 0.2374339997768402 0.09375 0.39682501554489136
15 0.6447169780731201 0.1597220003604889 0.21155798435211182 0.30753999948501587
15 0.4561010003089905 0.7556220293045044 0.24156701564788818 0.15410101413726807
16 0.4387400150299072 0.8591269850730896 0.08184504508972168 0.09060800075531006
16 0.5357140302658081 0.7283400297164917 0.09275799989700317 0.07638895511627197
16 0.6484379768371582 0.6800600290298462 0.10689502954483032 0.08631002902984619
16 0.5212050080299377 0.25876298546791077 0.05927598476409912 0.16964298486709595
16 0.6894840002059937 0.06415300071239471 0.0982140302658081 0.12235400080680847
16 0.3746280074119568 0.10218299925327301 0.07663702964782715 0.11243399977684021
15 0.6824159622192383 0.23445799946784973 0.20907700061798096 0.29629600048065186
17 0.8495780229568481 0.2805890142917633 0.05828399211168289 0.08630998432636261
17 0.8780999779701233 0.4163359999656677 0.08308499306440353 0.09920597076416016
17 0.7860859632492065 0.5047950148582458 0.07118099927902222 0.10945796966552734
17 0.6780749559402466 0.5752310156822205 0.0625 0.08366405963897705
17 0.44841301441192627 0.20932501554489136 0.06051599979400635 0.09060801565647125
17 0.37673598527908325 0.6916339993476868 0.08283698558807373 0.08895504474639893
17 0.2683529853820801 0.7124670147895813 0.07341301441192627 0.08498704433441162
17 0.2883179783821106 0.5687829852104187 0.06770801544189453 0.10780394077301025
17 0.16703897714614868 0.5838289856910706 0.07961297035217285 0.11805593967437744
17 0.1789429783821106 0.4351849853992462 0.07118093967437744 0.09920603036880493
