17 0.6471560001373291 0.93613600730896 0.1898149847984314 0.12723200023174286
17 0.7055220007896423 0.6784470081329346 0.2080029845237732 0.1445930004119873
15 0.3566470146179199 0.5912699699401855 0.263558030128479 0.4761900305747986
15 0.4307209849357605 0.33407700061798096 0.36673298478126526 0.4384920299053192
15 0.6921300292015076 0.42683500051498413 0.4160049557685852 0.41765904426574707
15 0.1522819995880127 0.4660220146179199 0.236441969871521 0.5054559707641602
16 0.3197749853134155 0.44766902923583984 0.18584704399108887 0.1552579700946808
16 0.3267199993133545 0.18526798486709595 0.2248680591583252 0.11855196952819824
16 0.5656419992446899 0.29526299238204956 0.16765901446342468 0.1366569995880127
16 0.825892984867096 0.3473460078239441 0.1312830150127411 0.10639894008636475
16 0.7673609852790833 0.25558000802993774 0.14186498522758484 0.11036694049835205
16 0.19179898500442505 0.31014400720596313 0.13624298572540283 0.12326395511627197
