16 0.4227840304374695 0.7315230369567871 0.10615098476409912 0.0939980149269104
16 0.6297950148582458 0.7854660153388977 0.08895504474639893 0.08730199933052063
16 0.5745700001716614 0.5153770446777344 0.07903397083282471 0.07539698481559753
16 0.5011569857597351 0.312004029750824 0.11078000068664551 0.06993997097015381
16 0.5104169845581055 0.16108602285385132 0.11210298538208008 0.07217299938201904
16 0.3078700006008148 0.20585298538208008 0.09788399934768677 0.07341301441192627
16 0.3738430142402649 0.44729697704315186 0.09490692615509033 0.0776289701461792
16 0.3409389853477478 0.5126489996910095 0.0892859697341919 0.07886898517608643
16 0.4444440007209778 0.5508430004119873 0.09193098545074463 0.08631002902984619
15 0.7197420001029968 0.8695439696311951 0.20866405963897705 0.22767901420593262
15 0.40195098519325256 0.8209329843521118 0.20866400003433228 0.30307498574256897
15 0.29844599962234497 0.7175099849700928 0.2946430444717407 0.2380949854850769
15 0.5658069849014282 0.6118550300598145 0.12235403060913086 0.274802029132843
15 0.8753307461738586 0.4759420156478882 0.24933850765228271 0.07886898517608643
15 0.953703761100769 0.3195679783821106 0.09259247779846191 0.2512400150299072
15 0.3091930150985718 0.6075149774551392 0.3306879997253418 0.18427598476409912
15 0.20866400003433228 0.5664680004119873 0.34788405895233154 0.14136898517608643
15 0.23511898517608643 0.46676599979400635 0.3697090148925781 0.12301599979400635
15 0.4680890142917633 0.41121000051498413 0.17427200078964233 0.24057498574256897
15 0.4459330439567566 0.2419390082359314 0.22718298435211182 0.24280798435211182
15 0.18270501494407654 0.1476929783821106 0.3277119994163513 0.18328404426574707
16 0.9702379703521729 0.39298099279403687 0.0595240592956543 0.08308494091033936
17 0.7275130152702332 0.5197169780731201 0.09193098545074463 0.07762902975082397
17 0.7657080292701721 0.43167197704315186 0.09358501434326172 0.07217299938201904
17 0.23082000017166138 0.3590030074119568 0.09656107425689697 0.06671595573425293
17 0.21445098519325256 0.25595200061798096 0.11210304498672485 0.07886898517608643
