15 0.48611098527908325 0.9417160153388977 0.6527780294418335 0.11607100069522858
15 0.5272819995880127 0.7560759782791138 0.7734789848327637 0.18179598450660706
15 0.5233129858970642 0.5832090377807617 0.7701719999313354 0.16889899969100952
15 0.5224869847297668 0.3908730149269104 0.7552909851074219 0.18551599979400635
15 0.48875701427459717 0.20957297086715698 0.6130950450897217 0.1607140302658081
16 0.2113099992275238 0.6577379703521729 0.09060800075531006 0.08085298538208008
16 0.20866400003433228 0.8309769630432129 0.09589898586273193 0.06721198558807373
16 0.22255299985408783 0.8673120141029358 0.08730199933052063 0.045635007321834564
16 0.23330000042915344 0.8888890147209167 0.08101898431777954 0.02976199984550476
16 0.22536399960517883 0.7109379768371582 0.09292298555374146 0.06076401472091675
16 0.2119709998369217 0.4969000220298767 0.08134898543357849 0.0776289701461792
16 0.22800900042057037 0.4368799924850464 0.06382301449775696 0.06324398517608643
16 0.21775799989700317 0.3204370141029358 0.08432501554489136 0.036705970764160156
16 0.23478800058364868 0.2967510223388672 0.07142901420593262 0.02802598476409912
16 0.2509920001029968 0.2683529853820801 0.06283098459243774 0.04166698455810547
16 0.20353800058364868 0.9668899774551392 0.08961600065231323 0.06572400033473969
16 0.1942790001630783 0.7712050080299377 0.14186498522758484 0.11433501541614532
16 0.19973498582839966 0.5860620141029358 0.12698398530483246 0.10416698455810547
16 0.20188499987125397 0.3756200075149536 0.12268498539924622 0.10391902923583984
16 0.23330000042915344 0.1868799924850464 0.09358501434326172 0.09747004508972168
