15 0.5914785861968994 0.003876385511830449 0.30924171209335327 0.007752771023660898
15 0.8310040831565857 0.1959160715341568 0.31602373719215393 0.3903975784778595
15 0.8560407161712646 0.1415567249059677 0.2879186272621155 0.2831134498119354
15 0.7487899661064148 0.03456980735063553 0.2823450267314911 0.06913961470127106
15 0.9050601720809937 0.04623976722359657 0.1898796409368515 0.09247953444719315
15 0.9723623991012573 0.07030511647462845 0.055275239050388336 0.1406102329492569
15 0.9974414110183716 0.13486431539058685 0.005117188207805157 0.2697286307811737
15 0.9693905115127563 0.15253517031669617 0.06121901050209999 0.30507034063339233
15 0.951002299785614 0.20067253708839417 0.09799541532993317 0.3712812066078186
15 0.9243718981742859 0.2809382379055023 0.15125615894794464 0.2088070809841156
15 0.9484603404998779 0.18617789447307587 0.10307928174734116 0.1561601161956787
15 0.924700915813446 0.052219048142433167 0.10522355884313583 0.10443809628486633
15 0.06022237241268158 0.004261906258761883 0.12044474482536316 0.008523812517523766
15 0.05608677491545677 0.03411341458559036 0.11217354983091354 0.06822682917118073
15 0.0419500358402729 0.13583873212337494 0.0839000716805458 0.2716774642467499
15 0.03739505633711815 0.0709955021739006 0.0747901126742363 0.1419910043478012
15 0.411933958530426 0.13974937796592712 0.30924171209335327 0.27949875593185425
15 0.7290445566177368 0.3502348065376282 0.31602373719215393 0.3903975784778595
15 0.6597042679786682 0.4045976996421814 0.301253080368042 0.37153539061546326
16 0.488112211227417 0.28056466579437256 0.2823450267314911 0.36623668670654297
16 0.40102559328079224 0.2457943707704544 0.31546008586883545 0.39547571539878845
16 0.3189837634563446 0.2310986965894699 0.3431847095489502 0.42435628175735474
16 0.26500311493873596 0.2399819791316986 0.3262483477592468 0.3987225890159607
16 0.08641883730888367 0.23274368047714233 0.17283767461776733 0.28679823875427246
16 0.11712987720966339 0.36713236570358276 0.20931969583034515 0.28496095538139343
16 0.19249388575553894 0.4744184911251068 0.2233228236436844 0.3041238784790039
16 0.3271833062171936 0.4132986068725586 0.29958316683769226 0.3643766939640045
16 0.3721911907196045 0.5442971587181091 0.28743359446525574 0.3495629131793976
16 0.3535462021827698 0.6340579986572266 0.3167567849159241 0.38687580823898315
16 0.34105557203292847 0.7470449209213257 0.3141430914402008 0.3853572905063629
16 0.5499422550201416 0.5049949884414673 0.22688999772071838 0.3059479296207428
16 0.5786911845207214 0.7347100973129272 0.30675357580184937 0.38408565521240234
16 0.6884111762046814 0.7745328545570374 0.293363481760025 0.36211320757865906
16 0.7108455896377563 0.6899920105934143 0.2854253351688385 0.35212981700897217
16 0.7606660723686218 0.6442304849624634 0.3034471273422241 0.3712812066078186
16 0.8048136830329895 0.4707629382610321 0.16297683119773865 0.2088070809841156
16 0.7377759218215942 0.5190628170967102 0.12158948928117752 0.1561601161956787
16 0.8307074904441833 0.7424963116645813 0.10974978655576706 0.14035293459892273
