16 0.35409170389175415 0.020754601806402206 0.09960412234067917 0.04150920361280441
15 0.37843960523605347 0.3756483495235443 0.0856950506567955 0.14799247682094574
17 0.4498118460178375 0.5000006556510925 0.2304261326789856 0.3363625407218933
17 0.1469859629869461 0.8858009576797485 0.07541890442371368 0.12058724462985992
17 0.1267159879207611 0.6943533420562744 0.10194209218025208 0.1182992085814476
17 0.14529159665107727 0.5190958976745605 0.08307617157697678 0.10840576142072678
17 0.11258358508348465 0.3556528687477112 0.07842381298542023 0.10177180916070938
17 0.2923608124256134 0.8672433495521545 0.08189898729324341 0.0974058285355568
17 0.27083098888397217 0.692274272441864 0.08152792602777481 0.08955283463001251
17 0.2943509817123413 0.5162741541862488 0.0795348510146141 0.10837579518556595
17 0.263247013092041 0.3555144965648651 0.09191159158945084 0.10722430050373077
17 0.4198266565799713 0.29009729623794556 0.07517322897911072 0.10425687581300735
17 0.3518759608268738 0.1316957026720047 0.09960412234067917 0.11419729888439178
17 0.44200295209884644 0.867725133895874 0.08166969567537308 0.09897347539663315
17 0.6175714731216431 0.8938663005828857 0.07984188199043274 0.12878882884979248
17 0.7611684203147888 0.8589611649513245 0.08834569901227951 0.10562454164028168
17 0.6305431127548218 0.510952889919281 0.08543776720762253 0.11407741904258728
17 0.5694792866706848 0.2899504005908966 0.09064681082963943 0.107213594019413
17 0.6982148885726929 0.35998082160949707 0.08189898729324341 0.09740588068962097
17 0.7647080421447754 0.5059630274772644 0.09397772699594498 0.11006765067577362
17 0.8929750919342041 0.5398701429367065 0.08987338840961456 0.1398637294769287
