15 0.004680006764829159 0.10902419686317444 0.009360013529658318 0.20966894924640656
15 0.006840054411441088 0.13713614642620087 0.013680108822882175 0.08260908722877502
15 0.32874995470046997 0.22464631497859955 0.1630994975566864 0.36051154136657715
15 0.384989470243454 0.2320629060268402 0.1500590741634369 0.33657050132751465
15 0.18601302802562714 0.25119417905807495 0.23551791906356812 0.20966894924640656
16 0.384150892496109 0.48829135298728943 0.31807538866996765 0.3526429235935211
16 0.6282750964164734 0.7688486576080322 0.46649041771888733 0.46230271458625793
16 0.792251706123352 0.6946932673454285 0.11753451824188232 0.1438734084367752
16 0.799404501914978 0.7819562554359436 0.11503508687019348 0.13467156887054443
15 0.502529501914978 0.6131128072738647 0.10152077674865723 0.1353134959936142
16 0.276303768157959 0.5078182816505432 0.12160136550664902 0.15658919513225555
16 0.6104328632354736 0.405355304479599 0.22648519277572632 0.42613208293914795
16 0.646496057510376 0.28189095854759216 0.09599293768405914 0.145050048828125
16 0.6177470088005066 0.2491646409034729 0.09543558210134506 0.1527758687734604
16 0.4034726321697235 0.11554250866174698 0.06568502634763718 0.10642966628074646
16 0.34233105182647705 0.11491190642118454 0.07683604955673218 0.1346963495016098
16 0.39638084173202515 0.3517029881477356 0.07519375532865524 0.10909227281808853
