17 0.3554069995880127 0.41798895597457886 0.030257999897003174 0.04365098476409912
17 0.3549109995365143 0.48594599962234497 0.03273802995681763 0.04001295566558838
17 0.3622269928455353 0.562004029750824 0.030506014823913574 0.03935205936431885
17 0.4103420078754425 0.4176589846611023 0.0314980149269104 0.046296000480651855
17 0.41158199310302734 0.48561498522758484 0.031993985176086426 0.042658984661102295
17 0.4179069995880127 0.5537369847297668 0.02827399969100952 0.04464304447174072
17 0.4131940007209778 0.6192129850387573 0.03125 0.045304059982299805
17 0.46230199933052063 0.4199739694595337 0.029761970043182373 0.03902101516723633
17 0.46255001425743103 0.4857800006866455 0.029265999794006348 0.04298901557922363
17 0.4680060148239136 0.55274498462677 0.029265999794006348 0.04001295566558838
17 0.46255001425743103 0.6175600290298462 0.030754029750823975 0.04265904426574707
17 0.5104169845581055 0.42129600048065186 0.02976202964782715 0.03902101516723633
17 0.5136409997940063 0.4910709857940674 0.02976202964782715 0.03902101516723633
17 0.515625 0.5588619709014893 0.02976202964782715 0.03902101516723633
17 0.5114089846611023 0.6253309845924377 0.02976202964782715 0.03902101516723633
17 0.5625 0.6273149847984314 0.02976202964782715 0.03902101516723633
17 0.5664680004119873 0.5539019703865051 0.02976202964782715 0.03902101516723633
17 0.5642359852790833 0.48544999957084656 0.02976202964782715 0.03902095556259155
17 0.5637400150299072 0.41269803047180176 0.02976202964782715 0.03902101516723633
