15 0.4146829843521118 0.28732600808143616 0.4629629850387573 0.21800601482391357
15 0.37814199924468994 0.43179601430892944 0.46726202964782715 0.1294640302658081
15 0.6261569857597351 0.14124499261379242 0.27876996994018555 0.2770340144634247
15 0.8316799998283386 0.1563739776611328 0.31613802909851074 0.3008430004119873
15 0.9006279706954956 0.18861600756645203 0.184192955493927 0.2576879858970642
15 0.374504029750824 0.5751489996910095 0.451388955116272 0.1488100290298462
15 0.4601519703865051 0.7521079778671265 0.4011240005493164 0.2695930004119873
15 0.6706349849700928 0.822172999382019 0.2215610146522522 0.3472219705581665
15 0.8553239703178406 0.8534227609634399 0.18551599979400635 0.2931544780731201
15 0.277446985244751 0.21986599266529083 0.173941969871521 0.08953401446342468
15 0.20254600048065186 0.414559006690979 0.11078000068664551 0.08854198455810547
15 0.2170969843864441 0.6140869855880737 0.14517199993133545 0.0972219705581665
15 0.32423901557922363 0.8475940227508545 0.12929904460906982 0.08953404426574707
15 0.610945999622345 0.9639137387275696 0.12797605991363525 0.07217252254486084
15 0.830357015132904 0.9753220081329346 0.13227498531341553 0.04935503005981445
15 0.931547999382019 0.010044999420642853 0.1078040599822998 0.019593000411987305
17 0.8454030156135559 0.38926100730895996 0.1425260305404663 0.09151798486709595
17 0.7533069849014282 0.5456349849700928 0.14814800024032593 0.0982140302658081
17 0.8769840002059937 0.6733629703521729 0.15939199924468994 0.0972219705581665
17 0.9459329843521118 0.5283979773521423 0.10747402906417847 0.10044598579406738
