16 0.8600844144821167 0.01403115876019001 0.1514606773853302 0.02806231752038002
16 0.8880559802055359 0.011883938685059547 0.22388803958892822 0.023767877370119095
16 0.027721630409359932 0.005466672591865063 0.055443260818719864 0.010933345183730125
16 0.04543516784906387 0.20650768280029297 0.09087033569812775 0.41301536560058594
16 0.05401821434497833 0.2430039942264557 0.10803642868995667 0.27630510926246643
16 0.7433327436447144 0.31222420930862427 0.1514606773853302 0.22559142112731934
16 0.6430436372756958 0.253449410200119 0.16643202304840088 0.2561410665512085
16 0.5929822325706482 0.24329115450382233 0.09327620267868042 0.19439376890659332
16 0.5055664777755737 0.17716529965400696 0.11759567260742188 0.19058530032634735
16 0.3959999680519104 0.13518977165222168 0.08888248354196548 0.16292014718055725
16 0.3495536744594574 0.10016698390245438 0.12621700763702393 0.19509316980838776
15 0.4221388101577759 0.14604127407073975 0.07163190841674805 0.13479377329349518
15 0.7761377096176147 0.5826703906059265 0.10162805765867233 0.11149034649133682
15 0.9142127633094788 0.6768686771392822 0.08919917792081833 0.1124793142080307
15 0.7146009802818298 0.6201993227005005 0.10893376916646957 0.1261546015739441
15 0.6920884251594543 0.8645372986793518 0.17035236954689026 0.21223171055316925
15 0.6960927248001099 0.4589674472808838 0.24827860295772552 0.5178857445716858
15 0.6029446125030518 0.4331457316875458 0.268905371427536 0.5854735970497131
