16 0.7147819995880127 0.6517860293388367 0.15244698524475098 0.07986104488372803
16 0.6759260296821594 0.7439240217208862 0.16402101516723633 0.10243105888366699
16 0.5967260003089905 0.8363100290298462 0.1636899709701538 0.09920597076416016
15 0.5644840002059937 0.5261660218238831 0.38954997062683105 0.3117560148239136
15 0.5284389853477478 0.6572420001029968 0.47883597016334534 0.28025805950164795
15 0.4285709857940674 0.7311509847640991 0.46560800075531006 0.25545597076416016
17 0.8670629858970642 0.5186010003089905 0.16666698455810547 0.13492098450660706
17 0.6630290150642395 0.3196919858455658 0.14087295532226562 0.11656701564788818
17 0.42361098527908325 0.21999000012874603 0.14814800024032593 0.11111101508140564
17 0.24735400080680847 0.0391869992017746 0.14682501554489136 0.0778769999742508
