15 0.9525037407875061 0.2909538447856903 0.09499246627092361 0.5819076895713806
15 0.8858795762062073 0.19932445883750916 0.22824089229106903 0.3986489176750183
15 0.8186209797859192 0.11470506340265274 0.3627581000328064 0.22941012680530548
15 0.7533679008483887 0.02694043144583702 0.49326422810554504 0.05388086289167404
15 0.9729887843132019 0.397286593914032 0.054022472351789474 0.28337520360946655
16 0.9739413261413574 0.30251410603523254 0.052117303013801575 0.2091330587863922
16 0.9106473326683044 0.15807266533374786 0.14463025331497192 0.19350898265838623
16 0.9037872552871704 0.24281977117061615 0.19242553412914276 0.26234158873558044
16 0.7728630900382996 0.09684276580810547 0.1852734088897705 0.19368553161621094
16 0.6360117793083191 0.013618916273117065 0.2061239629983902 0.02723783254623413
16 0.10450789332389832 0.018431847915053368 0.20901578664779663 0.036863695830106735
16 0.17885470390319824 0.10448173433542252 0.3577094078063965 0.20896346867084503
16 0.7512649893760681 0.7040899991989136 0.4974699914455414 0.5918200016021729
