16 0.4909060001373291 0.7064729928970337 0.10152101516723633 0.06969201564788818
15 0.4647819995880127 0.8172119855880737 0.23048901557922363 0.2896830141544342
17 0.14054200053215027 0.7945190072059631 0.10251300781965256 0.07762899994850159
17 0.3521830141544342 0.7224699854850769 0.09722203016281128 0.07589298486709595
17 0.3624339997768402 0.5440230369567871 0.09391498565673828 0.07762902975082397
17 0.26686498522758484 0.4061260223388672 0.09060800075531006 0.0736609697341919
17 0.03042300045490265 0.6129710078239441 0.06018500030040741 0.09201401472091675
17 0.048611000180244446 0.47321397066116333 0.096560999751091 0.0704369843006134
17 0.8908730149269104 0.837302029132843 0.0972219705581665 0.07688499242067337
17 0.7437170147895813 0.7113100290298462 0.09523797035217285 0.07291698455810547
17 0.6268190145492554 0.5625 0.08961606025695801 0.06795597076416016
17 0.6056550145149231 0.3464779853820801 0.0982140302658081 0.06944394111633301
17 0.45469599962234497 0.20076900720596313 0.1164020299911499 0.08407700061798096
17 0.5762240290641785 0.12115597724914551 0.09689199924468994 0.08010900020599365
17 0.7590939998626709 0.3244050145149231 0.10019803047180176 0.0625
17 0.7943120002746582 0.21242600679397583 0.11507904529571533 0.07217299938201904
17 0.9457669854164124 0.22036200761795044 0.10846602916717529 0.08010900020599365
17 0.9133599996566772 0.3547869920730591 0.1058199405670166 0.0736609697341919
17 0.912202000617981 0.47495001554489136 0.10548901557922363 0.06398797035217285
17 0.9351850152015686 0.5904020071029663 0.10449695587158203 0.07911700010299683
17 0.8994709849357605 0.7068449854850769 0.0886240005493164 0.0783730149269104
