17 0.9358879923820496 0.6620370149612427 0.09697400033473969 0.14351898431777954
17 0.8289929628372192 0.7827379703521729 0.07762899994850159 0.12367701530456543
17 0.9536210298538208 0.8726849555969238 0.08531700074672699 0.11044996976852417
17 0.8911210298538208 0.23495399951934814 0.09375 0.12665295600891113
15 0.6015620231628418 0.437004029750824 0.3559029698371887 0.27480196952819824
15 0.6910960078239441 0.20188498497009277 0.1684030145406723 0.37665295600891113
15 0.6101189851760864 0.6699739694595337 0.09920597076416016 0.4556879997253418
15 0.5190969705581665 0.7007279992103577 0.10019797086715698 0.4629629850387573
15 0.36433500051498413 0.6311179995536804 0.15079402923583984 0.4613100290298462
15 0.1794392466545105 0.7698409557342529 0.358878493309021 0.26719599962234497
15 0.3206850290298462 0.3148149847984314 0.1220240592956543 0.43254005908966064
15 0.4646580219268799 0.18435823917388916 0.23288702964782715 0.3687164783477783
15 0.21552598476409912 0.4226189851760864 0.14434504508972168 0.4761899709701538
16 0.6161949634552002 0.8100199699401855 0.07663697004318237 0.16104501485824585
16 0.5093010067939758 0.5305890440940857 0.08308497071266174 0.14517199993133545
16 0.38541698455810547 0.7906749844551086 0.06993997097015381 0.13095200061798096
16 0.3206850290298462 0.8014219999313354 0.07638895511627197 0.12929892539978027
16 0.30233097076416016 0.7208989858627319 0.07886898517608643 0.11507892608642578
16 0.234375 0.6180559992790222 0.07886898517608643 0.10780394077301025
16 0.28335797786712646 0.4801589846611023 0.0776289701461792 0.11904799938201904
16 0.5282739996910095 0.3090280294418335 0.09077396988868713 0.11078000068664551
16 0.4441959857940674 0.6620370149612427 0.0669640302658081 0.11243396997451782
