15 0.5069923996925354 0.028007052838802338 0.35774216055870056 0.056014105677604675
15 0.7204040288925171 0.080234095454216 0.3562712073326111 0.160468190908432
15 0.05484277755022049 0.21673566102981567 0.10968555510044098 0.43347132205963135
15 0.18381363153457642 0.2784369885921478 0.36762726306915283 0.5568739771842957
15 0.49043703079223633 0.7087312340736389 0.7432981133460999 0.5825375318527222
15 0.5470251441001892 0.7671231031417847 0.7169796824455261 0.4657537639141083
16 0.72161465883255 0.6088006496429443 0.5567706823348999 0.42965972423553467
16 0.3955995440483093 0.2349744737148285 0.35774216055870056 0.469948947429657
16 0.6146687269210815 0.29699406027793884 0.3562712073326111 0.51277095079422
16 0.1946486383676529 0.4071255028247833 0.20309323072433472 0.2792733609676361
16 0.41488218307495117 0.3431084156036377 0.15865270793437958 0.23611675202846527
