16 0.31436002254486084 0.6087960004806519 0.12078404426574707 0.21957698464393616
16 0.46676599979400635 0.6254960298538208 0.0927579402923584 0.14186501502990723
16 0.53125 0.4680889844894409 0.12698400020599365 0.1345900297164917
16 0.5540670156478882 0.33035701513290405 0.08333301544189453 0.14285695552825928
16 0.4563490152359009 0.2301589846611023 0.08482098579406738 0.13888895511627197
16 0.3824399709701538 0.12351202964782715 0.09523797035217285 0.18154799938201904
16 0.8152279853820801 0.22007298469543457 0.09027796983718872 0.16104495525360107
16 0.6200399994850159 0.35499298572540283 0.07589304447174072 0.1299600601196289
16 0.9561010003089905 0.26951098442077637 0.08730196952819824 0.13227498531341553
15 0.6137149930000305 0.705357015132904 0.27604198455810547 0.5773810148239136
15 0.23921102285385132 0.7534719705581665 0.25371992588043213 0.45535701513290405
15 0.2548360228538513 0.37036997079849243 0.32167696952819824 0.6302909851074219
15 0.8860369920730591 0.4323740005493164 0.22395801544189453 0.5386899709701538
15 0.7141619920730591 0.2425600290298462 0.19518804550170898 0.4851189851760864
