15 0.4904099702835083 0.775297999382019 0.38624298572540283 0.10962295532226562
15 0.4204699993133545 0.6848959922790527 0.47056901454925537 0.1128469705581665
15 0.4494050145149231 0.5783729553222656 0.44907402992248535 0.1096230149269104
15 0.4232800006866455 0.48673099279403687 0.4715609848499298 0.11681497097015381
15 0.48611098527908325 0.35726702213287354 0.39021196961402893 0.09598195552825928
15 0.5385249853134155 0.27963799238204956 0.3244049847126007 0.0786210298538208
16 0.6372349858283997 0.7876980304718018 0.09060800075531006 0.06547600030899048
16 0.6076390147209167 0.7008930444717407 0.11739397048950195 0.0744050145149231
16 0.6483129858970642 0.6748510003089905 0.06845200061798096 0.05605196952819824
16 0.6775789856910706 0.6620780229568481 0.052249014377593994 0.04141896963119507
16 0.6770830154418945 0.6252479553222656 0.05786997079849243 0.05257898569107056
16 0.6329370141029358 0.5792410373687744 0.09060800075531006 0.0662199854850769
16 0.6787370443344116 0.5575399994850159 0.04398101568222046 0.039187073707580566
16 0.6878310441970825 0.540922999382019 0.0403439998626709 0.024801969528198242
16 0.6845239996910095 0.4875990152359009 0.046957969665527344 0.04166698455810547
16 0.6350859999656677 0.48598700761795044 0.09490698575973511 0.07514894008636475
16 0.6626980304718018 0.453620970249176 0.06283098459243774 0.04414701461791992
16 0.6947749853134155 0.4365079998970032 0.03505301475524902 0.036705970764160156
16 0.6711310148239136 0.41245001554489136 0.07572799921035767 0.04811501502990723
16 0.6727839708328247 0.36445897817611694 0.042658984661102295 0.05282700061798096
16 0.6440150141716003 0.34883397817611694 0.07903397083282471 0.051834940910339355
16 0.6605490446090698 0.2688490152359009 0.0823410153388977 0.05208301544189453
