17 0.09042990207672119 0.016665372997522354 0.18085980415344238 0.03333074599504471
17 0.2052730917930603 0.32874736189842224 0.2022705078125 0.1980721801519394
17 0.3224518299102783 0.5170172452926636 0.1975661814212799 0.20524807274341583
17 0.5389063954353333 0.37787142395973206 0.2008223533630371 0.20196716487407684
17 0.8336194157600403 0.129694402217865 0.19685615599155426 0.21652857959270477
17 0.523054838180542 0.60822993516922 0.17780552804470062 0.187918558716774
17 0.11180948466062546 0.6689512729644775 0.20130692422389984 0.1958874762058258
17 0.20521315932273865 0.8463378548622131 0.20465487241744995 0.1988065242767334
17 0.6791609525680542 0.7948284149169922 0.17824429273605347 0.19267551600933075
15 0.2898072898387909 0.9862830638885498 0.22114738821983337 0.027433864772319794
15 0.8321233987808228 0.7879166007041931 0.3357532024383545 0.3891066908836365
15 0.8767058253288269 0.6866922974586487 0.246588334441185 0.4456333518028259
16 0.9253436326980591 0.5156066417694092 0.14931271970272064 0.30793601274490356
