16 0.318121999502182 0.897072970867157 0.19510598480701447 0.11359095573425293
16 0.1665010005235672 0.7139139771461487 0.1312830150127411 0.08308494091033936
16 0.09623000025749207 0.6599699854850769 0.10978800058364868 0.07440495491027832
16 0.15806899964809418 0.6103670001029968 0.12037000060081482 0.08382904529571533
16 0.08399499952793121 0.4930559992790222 0.140872985124588 0.08482098579406738
16 0.127810999751091 0.39595699310302734 0.11739400029182434 0.0825890302658081
16 0.07539699971675873 0.4124499559402466 0.11507900804281235 0.08482098579406738
16 0.5398480296134949 0.09040200710296631 0.10350501537322998 0.09846198558807373
16 0.3288689851760864 0.2822420001029968 0.1312829852104187 0.09523797035217285
16 0.4183200001716614 0.30679601430892944 0.08664000034332275 0.07837307453155518
16 0.8407739996910095 0.1839040219783783 0.12070095539093018 0.1207839846611023
16 0.6883270144462585 0.47842299938201904 0.10548901557922363 0.0887899398803711
16 0.5821760296821594 0.6042910218238831 0.1345900297164917 0.0815969705581665
16 0.7804229855537415 0.5507190227508545 0.12367701530456543 0.10094201564788818
15 0.4589950144290924 0.31832799315452576 0.3743390440940857 0.1832839846611023
15 0.43154799938201904 0.8655750155448914 0.4437830150127411 0.16716301441192627
15 0.705357015132904 0.6876239776611328 0.28042304515838623 0.3583829402923584
15 0.7228839993476868 0.3044390082359314 0.3432539701461792 0.32961297035217285
15 0.4636240005493164 0.5314979553222656 0.3134920299053192 0.1135910153388977
15 0.35548898577690125 0.39310500025749207 0.21031701564788818 0.2688489556312561
15 0.4947090148925781 0.18303602933883667 0.1812169849872589 0.30158698558807373
15 0.5090939998626709 0.4186510145664215 0.2443779706954956 0.18402796983718872
15 0.16980800032615662 0.5035960078239441 0.280754029750824 0.09598195552825928
15 0.18964900076389313 0.40873000025749207 0.23247399926185608 0.10317498445510864
15 0.24173301458358765 0.7124260067939758 0.29232800006866455 0.10094201564788818
