15 0.8940969705581665 0.5352180004119873 0.15377002954483032 0.4930560290813446
15 0.7821179628372192 0.5489420294761658 0.1520339846611023 0.5099209547042847
15 0.7180060148239136 0.4988430142402649 0.11359095573425293 0.4460979700088501
15 0.6121029853820801 0.48495399951934814 0.10466301441192627 0.4222879707813263
15 0.5069440603256226 0.5033069849014282 0.1056550145149231 0.43518495559692383
15 0.4064980149269104 0.4748679995536804 0.08730196952819824 0.4193120002746582
15 0.2643849849700928 0.5251320004463196 0.11507904529571533 0.4596560001373291
15 0.086434006690979 0.441303014755249 0.11929595470428467 0.3925260305404663
15 0.19680100679397583 0.41038399934768677 0.061756014823913574 0.39021196961402893
15 0.35404300689697266 0.3665670156478882 0.05778801441192627 0.31779101490974426
16 0.9169149994850159 0.39285698533058167 0.0902780294418335 0.19510596990585327
16 0.8044390082359314 0.3847549855709076 0.0736609697341919 0.17096596956253052
16 0.8392859697341919 0.32357800006866455 0.06497997045516968 0.1226850152015686
16 0.7320190072059631 0.34523800015449524 0.06473195552825928 0.13888901472091675
16 0.6876239776611328 0.3126649856567383 0.047867000102996826 0.1312829852104187
16 0.6500500440597534 0.2728169858455658 0.04017901420593262 0.09193098545074463
16 0.6284719705581665 0.3330030143260956 0.04960298538208008 0.13756603002548218
16 0.5993300080299377 0.28339898586273193 0.04885900020599365 0.08730198442935944
16 0.5585319995880127 0.3126649856567383 0.047122955322265625 0.11408698558807373
16 0.5316219925880432 0.2620700001716614 0.0463789701461792 0.07704998552799225
16 0.5159969925880432 0.3526790142059326 0.06473195552825928 0.14517199993133545
16 0.4616820216178894 0.3027450144290924 0.04092299938201904 0.11739401519298553
16 0.45114099979400635 0.25264599919319153 0.04563498497009277 0.06613798439502716
16 0.40004998445510864 0.33945098519325256 0.05059504508972168 0.14847898483276367
16 0.3583829998970032 0.26719599962234497 0.04414701461791992 0.10648101568222046
16 0.2800099849700928 0.2625660002231598 0.04067504405975342 0.05026501417160034
16 0.26041698455810547 0.2903439998626709 0.05605196952819824 0.05886197090148926
16 0.2419390082359314 0.34854501485824585 0.06721198558807373 0.11111098527908325
16 0.18799597024917603 0.2919969856739044 0.04414701461791992 0.1130949854850769
16 0.058283984661102295 0.3244050145149231 0.06150805950164795 0.1567460149526596
