17 0.8263852000236511 0.024909503757953644 0.2523501217365265 0.04981900751590729
17 0.04385897144675255 0.08267813920974731 0.0877179428935051 0.16535627841949463
17 0.05471958592534065 0.33085525035858154 0.1094391718506813 0.274522989988327
17 0.8048142790794373 0.6365305781364441 0.2544150650501251 0.2724774181842804
17 0.4686545729637146 0.9275795817375183 0.26659178733825684 0.14484089612960815
17 0.5427505970001221 0.6443156599998474 0.24910622835159302 0.24525655806064606
17 0.8324778079986572 0.32121527194976807 0.26151517033576965 0.24758337438106537
17 0.7116260528564453 0.11815983802080154 0.2523501217365265 0.23282821476459503
17 0.3551847040653229 0.5303764343261719 0.2714649438858032 0.27818310260772705
17 0.25327515602111816 0.8656178712844849 0.2552342116832733 0.2584485411643982
