16 0.5090939998626709 0.7064729928970337 0.10152101516723633 0.06969201564788818
15 0.5352180004119873 0.8172119855880737 0.23048901557922363 0.2896830439567566
17 0.8594579696655273 0.7945190072059631 0.10251300781965256 0.0776289701461792
17 0.6478170156478882 0.7224699854850769 0.09722203016281128 0.07589304447174072
17 0.6375659704208374 0.5440230369567871 0.09391498565673828 0.07762902975082397
17 0.7331349849700928 0.4061260223388672 0.09060800075531006 0.0736609697341919
17 0.9695770144462585 0.6129710078239441 0.06018500030040741 0.09201395511627197
17 0.9513890147209167 0.4732140004634857 0.096560999751091 0.07043701410293579
17 0.1091269850730896 0.8373019695281982 0.0972219705581665 0.07688504457473755
17 0.2562829852104187 0.7113100290298462 0.09523797035217285 0.07291698455810547
17 0.37318098545074463 0.5625 0.08961606025695801 0.06795597076416016
17 0.3943449854850769 0.3464779853820801 0.0982140302658081 0.06944394111633301
17 0.545304000377655 0.20076900720596313 0.1164020299911499 0.08407700061798096
17 0.42377597093582153 0.12115597724914551 0.09689199924468994 0.08010900020599365
17 0.2409060001373291 0.3244050145149231 0.10019803047180176 0.0625
17 0.2056879997253418 0.21242600679397583 0.11507904529571533 0.07217299938201904
17 0.054233014583587646 0.22036200761795044 0.10846602916717529 0.08010900020599365
17 0.08664000034332275 0.3547869920730591 0.1058199405670166 0.0736609697341919
17 0.08779799938201904 0.47495001554489136 0.10548901557922363 0.06398797035217285
17 0.0648149847984314 0.5904020071029663 0.10449695587158203 0.0791170597076416
17 0.1005290150642395 0.7068449854850769 0.0886240005493164 0.07837307453155518
