17 0.008443892002105713 0.5910733342170715 0.016887784004211426 0.17952409386634827
17 0.08441992849111557 0.592218279838562 0.13570982217788696 0.17952409386634827
15 0.35729989409446716 0.6493790745735168 0.15419313311576843 0.19677235186100006
15 0.4512639343738556 0.32229602336883545 0.5059221982955933 0.25195398926734924
15 0.7235479354858398 0.394214391708374 0.46642497181892395 0.34857743978500366
15 0.6240593194961548 0.6390489339828491 0.44456300139427185 0.39469534158706665
16 0.5849357843399048 0.13136129081249237 0.5368218421936035 0.2267332822084427
16 0.6036405563354492 0.2889317572116852 0.16539853811264038 0.17604632675647736
16 0.8817449808120728 0.29781055450439453 0.12666597962379456 0.21238833665847778
16 0.7640862464904785 0.5213578343391418 0.14560091495513916 0.15878690779209137
16 0.7077167630195618 0.7654687166213989 0.11336586624383926 0.12433037906885147
16 0.8052470088005066 0.7112842798233032 0.1176191046833992 0.13431064784526825
