17 0.123291015625 0.9321290254592896 0.03466796875 0.039062004536390305
17 0.1896969974040985 0.9470210075378418 0.03369098901748657 0.033691003918647766
17 0.2834469676017761 0.9479979872703552 0.03662097454071045 0.035645000636577606
17 0.3864750266075134 0.9445800185203552 0.03662097454071045 0.035645000636577606
17 0.48022499680519104 0.9431149959564209 0.04443401098251343 0.03662099689245224
17 0.5441889762878418 0.9143069982528687 0.0424799919128418 0.051270004361867905
17 0.6018069982528687 0.939208984375 0.04443395137786865 0.044433996081352234
17 0.6416019797325134 0.9018549919128418 0.04980504512786865 0.042969003319740295
17 0.689208984375 0.9360349774360657 0.04150402545928955 0.040039002895355225
17 0.7412109971046448 0.9025880098342896 0.0478520393371582 0.044433996081352234
17 0.7998049855232239 0.9289550185203552 0.0322270393371582 0.04345700144767761
17 0.8044430017471313 0.8791500329971313 0.0307619571685791 0.04345700144767761
17 0.7456049919128418 0.8508300185203552 0.0478520393371582 0.04150399565696716
17 0.6914060115814209 0.8769530057907104 0.0458979606628418 0.04589800536632538
17 0.6484379768371582 0.8540040254592896 0.04882800579071045 0.03710898756980896
17 0.592041015625 0.8818359971046448 0.04052698612213135 0.040039002895355225
17 0.546875 0.8566889762878418 0.0478520393371582 0.04443400353193283
17 0.4956049621105194 0.8876950144767761 0.040039002895355225 0.04589799791574478
17 0.4348139762878418 0.9116209745407104 0.0424799919128418 0.0390620082616806
17 0.4379880428314209 0.8640140295028687 0.046875 0.04345700144767761
17 0.38525399565696716 0.8850100040435791 0.04980498552322388 0.04638700187206268
17 0.38647499680519104 0.8334959745407104 0.04736298322677612 0.045897990465164185
17 0.33447301387786865 0.9116209745407104 0.0498049259185791 0.04589800536632538
17 0.33667001128196716 0.8613280057907104 0.043456971645355225 0.038085997104644775
17 0.2856450080871582 0.8876950144767761 0.04101598262786865 0.03906199336051941
17 0.2399899959564209 0.9155269861221313 0.04345703125 0.040039002895355225
17 0.22851598262786865 0.8637700080871582 0.046875 0.04101600497961044
17 0.18310502171516418 0.8901370167732239 0.038085997104644775 0.03906199336051941
17 0.17089799046516418 0.8413090109825134 0.051757991313934326 0.051757991313934326
17 0.11450201272964478 0.8742679953575134 0.05322301387786865 0.04443400353193283
17 0.11401396989822388 0.8242189884185791 0.05615198612213135 0.04882800579071045
17 0.1037600040435791 0.7707520127296448 0.0463869571685791 0.04345700144767761
17 0.09668001532554626 0.7163090109825134 0.04785197973251343 0.04589802026748657
17 0.08959996700286865 0.6567380428314209 0.0512700080871582 0.04980498552322388
17 0.0837399959564209 0.6008299589157104 0.0541989803314209 0.04638701677322388
17 0.07177701592445374 0.5292969942092896 0.04980498552322388 0.04882800579071045
17 0.06909200549125671 0.4638670086860657 0.057128965854644775 0.04882800579071045
17 0.055907994508743286 0.3950200080871582 0.055175960063934326 0.05664098262786865
17 0.04833999276161194 0.3239750266075134 0.057617008686065674 0.05322301387786865
17 0.03906199336051941 0.24975597858428955 0.04980498552322388 0.04541003704071045
17 0.03710901737213135 0.17334002256393433 0.05664098262786865 0.04882800579071045
17 0.02734401822090149 0.08911097049713135 0.053710997104644775 0.0629880428314209
17 0.17065399885177612 0.7824710011482239 0.0541989803314209 0.04736301302909851
17 0.15917998552322388 0.7319340109825134 0.04882800579071045 0.04882800579071045
17 0.1601560115814209 0.670166015625 0.04882800579071045 0.05322301387786865
17 0.15112298727035522 0.6174319982528687 0.04541003704071045 0.0541989803314209
17 0.15258800983428955 0.5490720272064209 0.0512700080871582 0.05224597454071045
17 0.13623002171516418 0.48632800579071045 0.057617008686065674 0.049805015325546265
17 0.13208001852035522 0.4184569716453552 0.05322301387786865 0.0576169490814209
17 0.12768599390983582 0.34741199016571045 0.06005901098251343 0.0541989803314209
17 0.12011697888374329 0.2780759930610657 0.055664002895355225 0.0541989803314209
17 0.11083999276161194 0.19824200868606567 0.07128900289535522 0.0615229606628418
17 0.11035200953483582 0.11791998147964478 0.055664002895355225 0.06005895137786865
17 0.22656196355819702 0.8112789988517761 0.04882800579071045 0.0512700080871582
17 0.21875 0.7558590173721313 0.0419919490814209 0.04003898799419403
17 0.21191400289535522 0.6999509930610657 0.0585939884185791 0.05224597454071045
17 0.2148440182209015 0.6420899629592896 0.04980498552322388 0.04882800579071045
17 0.20849600434303284 0.5812990069389343 0.051757991313934326 0.05322301387786865
17 0.20410200953483582 0.5227050185203552 0.051757991313934326 0.053222984075546265
17 0.201416015625 0.454833984375 0.0463869571685791 0.0473630428314209
17 0.18945300579071045 0.3854979872703552 0.0507810115814209 0.0541989803314209
17 0.18774402141571045 0.3186039924621582 0.0541989803314209 0.0551760196685791
17 0.1835939884185791 0.24414098262786865 0.06054699420928955 0.0585939884185791
17 0.1801760196685791 0.15258800983428955 0.0585939884185791 0.05322301387786865
17 0.16772499680519104 0.08105498552322388 0.06201201677322388 0.05956995487213135
17 0.2805179953575134 0.8303220272064209 0.04443395137786865 0.04150399565696716
17 0.2751460075378418 0.7814940214157104 0.0356450080871582 0.04150399565696716
17 0.2746579945087433 0.7250980138778687 0.043456971645355225 0.04980498552322388
17 0.27148398756980896 0.6728520393371582 0.04589802026748657 0.04101598262786865
17 0.2705079913139343 0.609375 0.0390620231628418 0.041992008686065674
17 0.26367199420928955 0.5507810115814209 0.0390620231628418 0.046875
17 0.26367199420928955 0.4895020127296448 0.0390620231628418 0.04150402545928955
17 0.2565920054912567 0.4211429953575134 0.04443401098251343 0.04541003704071045
17 0.2529299557209015 0.3527830243110657 0.04785197973251343 0.0473630428314209
17 0.2507320046424866 0.2763670086860657 0.04345703125 0.05956995487213135
17 0.24536100029945374 0.203125 0.043456971645355225 0.04980504512786865
17 0.23559600114822388 0.12426799535751343 0.05029296875 0.0551760196685791
17 0.3034669756889343 0.08300799131393433 0.05712902545928955 0.0576169490814209
17 0.3710939884185791 0.1276860237121582 0.0498049259185791 0.05322301387786865
17 0.30834999680519104 0.1618649959564209 0.061034977436065674 0.0629880428314209
17 0.37084996700286865 0.2009279727935791 0.0551760196685791 0.06103503704071045
17 0.3125 0.23730498552322388 0.0478520393371582 0.0507810115814209
17 0.3757320046424866 0.2780759930610657 0.04345703125 0.0541989803314209
17 0.3137210011482239 0.3193359971046448 0.04541003704071045 0.0478520393371582
17 0.3754880130290985 0.3537600040435791 0.04785197973251343 0.0541989803314209
17 0.3203119933605194 0.38427698612213135 0.051757991313934326 0.0546879768371582
17 0.3771970272064209 0.41992199420928955 0.0424799919128418 0.04980504512786865
17 0.3181149959564209 0.45336902141571045 0.0454099178314209 0.04443395137786865
17 0.3781740069389343 0.4873049855232239 0.04443395137786865 0.049805015325546265
17 0.32348600029945374 0.5209959745407104 0.045409977436065674 0.04296901822090149
17 0.3767090141773224 0.5520020127296448 0.043456971645355225 0.0512700080871582
17 0.32788100838661194 0.5795899629592896 0.034668028354644775 0.04101598262786865
17 0.3815920352935791 0.6115720272064209 0.0424799919128418 0.04638701677322388
17 0.3251950144767761 0.6430659890174866 0.04199206829071045 0.04492199420928955
17 0.3815920352935791 0.6733399629592896 0.0424799919128418 0.040039002895355225
17 0.3273929953575134 0.7011719942092896 0.0424799919128418 0.03710901737213135
17 0.3793950080871582 0.7287600040435791 0.0361330509185791 0.0424799919128418
17 0.3305659890174866 0.7602540254592896 0.03808605670928955 0.041992008686065674
17 0.38867199420928955 0.7834470272064209 0.0478520393371582 0.04345700144767761
17 0.33276402950286865 0.8129879832267761 0.0424799919128418 0.03906199336051941
17 0.4926759898662567 0.8361819982528687 0.03906196355819702 0.04638698697090149
17 0.44213899970054626 0.8046879768371582 0.04443401098251343 0.040039002895355225
17 0.49292001128196716 0.7792969942092896 0.045409977436065674 0.03906199336051941
17 0.4384770393371582 0.7553709745407104 0.0390620231628418 0.0429689884185791
17 0.4921879768371582 0.7277829647064209 0.046875 0.04443401098251343
17 0.4428710341453552 0.7011719942092896 0.04101598262786865 0.04101598262786865
17 0.49292001128196716 0.6713869571685791 0.034668028354644775 0.040039002895355225
17 0.44165000319480896 0.6394039988517761 0.043456971645355225 0.045409977436065674
17 0.49658203125 0.6088869571685791 0.046875 0.04101598262786865
17 0.44287100434303284 0.5769039988517761 0.051757991313934326 0.0424799919128418
17 0.4960939884185791 0.5541989803314209 0.0478520393371582 0.04882800579071045
17 0.4389650225639343 0.5217289924621582 0.04882800579071045 0.04443398118019104
17 0.4965820014476776 0.4885249733924866 0.041992008686065674 0.03662097454071045
17 0.4440920352935791 0.4565430283546448 0.0541989803314209 0.046875
17 0.4982909858226776 0.4228519797325134 0.05615204572677612 0.0507810115814209
17 0.4462890028953552 0.38696300983428955 0.0585939884185791 0.05322301387786865
17 0.4999999701976776 0.3515620231628418 0.05957001447677612 0.0478520393371582
17 0.44457995891571045 0.3190919756889343 0.0551760196685791 0.05224597454071045
17 0.49975600838661194 0.2817379832267761 0.04638701677322388 0.04882800579071045
17 0.4406740069389343 0.2421879768371582 0.04541003704071045 0.04980504512786865
17 0.5063480138778687 0.20459002256393433 0.0419919490814209 0.0507810115814209
17 0.43945300579071045 0.16552698612213135 0.0478520393371582 0.046875
17 0.5063480138778687 0.12597697973251343 0.04882800579071045 0.0458979606628418
17 0.4396969676017761 0.08691400289535522 0.05615198612213135 0.0517580509185791
17 0.5708010196685791 0.08740198612213135 0.04980504512786865 0.0507810115814209
17 0.6333010196685791 0.1293950080871582 0.0576169490814209 0.04980504512786865
17 0.5698239803314209 0.16772502660751343 0.04101598262786865 0.0512700080871582
17 0.6376950144767761 0.21069300174713135 0.04003894329071045 0.04541003704071045
17 0.5639650225639343 0.24975597858428955 0.0576169490814209 0.05029296875
17 0.6274409890174866 0.2844240069389343 0.0478520393371582 0.05029296875
17 0.5627440214157104 0.3149409890174866 0.03369104862213135 0.04980504512786865
17 0.6208500266075134 0.3527830243110657 0.04345703125 0.05029296875
17 0.5585939884185791 0.3874509930610657 0.04003894329071045 0.04150402545928955
17 0.6137700080871582 0.4184569716453552 0.0507810115814209 0.04492199420928955
17 0.5551760196685791 0.4565430283546448 0.04492199420928955 0.046875
17 0.6137700080871582 0.4868159890174866 0.04003894329071045 0.0507810115814209
17 0.5578609704971313 0.5195310115814209 0.03662097454071045 0.04003897309303284
17 0.6098629832267761 0.5517579913139343 0.04101598262786865 0.040039002895355225
17 0.5551760196685791 0.5800780057907104 0.04882800579071045 0.04882800579071045
17 0.6044920086860657 0.6105960011482239 0.0478520393371582 0.05322301387786865
17 0.5463870167732239 0.6418460011482239 0.0507810115814209 0.0424799919128418
17 0.6044920086860657 0.6687009930610657 0.0478520393371582 0.045409977436065674
17 0.5498049855232239 0.6967769861221313 0.046875 0.04589802026748657
17 0.6000980138778687 0.7250980138778687 0.04980504512786865 0.04785197973251343
17 0.5446779727935791 0.7561039924621582 0.04345703125 0.044433996081352234
17 0.6027830243110657 0.779541015625 0.04443395137786865 0.04638698697090149
17 0.5432130098342896 0.8068850040435791 0.03759801387786865 0.04638698697090149
17 0.6528319716453552 0.8046879768371582 0.0361330509185791 0.036132991313934326
17 0.6994630098342896 0.8237299919128418 0.03369104862213135 0.04101601243019104
17 0.7055659890174866 0.7797850370407104 0.04101598262786865 0.04492199420928955
17 0.6511229872703552 0.75 0.04150402545928955 0.037109002470970154
17 0.7150880098342896 0.7248539924621582 0.04345703125 0.04345703125
17 0.6555179953575134 0.6979979872703552 0.0473630428314209 0.045409977436065674
17 0.7146000266075134 0.6665040254592896 0.0512700080871582 0.04980498552322388
17 0.6630859971046448 0.6350100040435791 0.0517580509185791 0.0541989803314209
17 0.7202150225639343 0.6083979606628418 0.046875 0.04882800579071045
17 0.6662600040435791 0.5822750329971313 0.04345703125 0.0424799919128418
17 0.7185059785842896 0.5515140295028687 0.0473630428314209 0.05224597454071045
17 0.6652830243110657 0.5222169756889343 0.05224597454071045 0.05224600434303284
17 0.7270510196685791 0.4882810115814209 0.04980504512786865 0.047852009534835815
17 0.6745610237121582 0.4592289924621582 0.05322301387786865 0.05224597454071045
17 0.7351070046424866 0.4245610237121582 0.04443395137786865 0.04345703125
17 0.6821290254592896 0.3874509930610657 0.0615229606628418 0.0541989803314209
17 0.7434080243110657 0.3571779727935791 0.05224597454071045 0.05029296875
17 0.689208984375 0.32177698612213135 0.05029296875 0.04882800579071045
17 0.7531740069389343 0.2897949814796448 0.04345703125 0.04541003704071045
17 0.6945800185203552 0.24585002660751343 0.04345703125 0.0551760196685791
17 0.7587890028953552 0.2092289924621582 0.0478520393371582 0.05322301387786865
17 0.7021480202674866 0.17163097858428955 0.0517580509185791 0.05224597454071045
17 0.7646480202674866 0.12963902950286865 0.046875 0.05322301387786865
17 0.7043460011482239 0.09570300579071045 0.05224597454071045 0.0585939884185791
17 0.8344730138778687 0.1020510196685791 0.04980504512786865 0.05664098262786865
17 0.9101560115814209 0.11279302835464478 0.0576169490814209 0.0585939884185791
17 0.8352050185203552 0.17285197973251343 0.05322301387786865 0.0585939884185791
17 0.9077150225639343 0.1875 0.04882800579071045 0.04882800579071045
17 0.8210449814796448 0.24926799535751343 0.0512700080871582 0.0463869571685791
17 0.8894039988517761 0.27026402950286865 0.05322301387786865 0.06103503704071045
17 0.8078609704971313 0.3181149959564209 0.05322301387786865 0.05615198612213135
17 0.8645020127296448 0.3447269797325134 0.0463869571685791 0.05956995487213135
17 0.7966309785842896 0.3881840109825134 0.04150402545928955 0.04882800579071045
17 0.8562009930610657 0.4147949814796448 0.05615198612213135 0.0541989803314209
17 0.7907710075378418 0.4543460011482239 0.05322301387786865 0.0551760196685791
17 0.8583980202674866 0.4775390028953552 0.05664098262786865 0.06054699420928955
17 0.7846680283546448 0.5173340439796448 0.0546879768371582 0.053222984075546265
17 0.845458984375 0.5454100370407104 0.05224597454071045 0.057617008686065674
17 0.78125 0.5773929953575134 0.0478520393371582 0.05224597454071045
17 0.8334959745407104 0.6044920086860657 0.0458979606628418 0.05664098262786865
17 0.7749019861221313 0.6320799589157104 0.0625 0.0551760196685791
17 0.8334959745407104 0.6691889762878418 0.0478520393371582 0.05322301387786865
17 0.7661129832267761 0.6967769861221313 0.04980504512786865 0.04589802026748657
17 0.8203120231628418 0.7211909890174866 0.0390620231628418 0.055664002895355225
17 0.7597659826278687 0.748291015625 0.04101598262786865 0.04443401098251343
17 0.8095700144767761 0.7749019861221313 0.0478520393371582 0.047852009534835815
17 0.7526860237121582 0.8063960075378418 0.0424799919128418 0.04541000723838806
17 0.8063960075378418 0.82470703125 0.04541003704071045 0.03906199336051941
