17 0.030625000596046448 0.31291699409484863 0.054999999701976776 0.06416702270507812
17 0.08749999850988388 0.30083298683166504 0.04874999821186066 0.08333301544189453
17 0.14749999344348907 0.2870829999446869 0.05375000834465027 0.07083302736282349
17 0.20874999463558197 0.2729170024394989 0.05125001072883606 0.0758330225944519
17 0.2746869921684265 0.2391670048236847 0.058125004172325134 0.07999998331069946
17 0.3425000011920929 0.23416700959205627 0.047500014305114746 0.06999999284744263
17 0.4181250035762787 0.21750003099441528 0.0625 0.08833301067352295
17 0.49156299233436584 0.18874996900558472 0.06562501192092896 0.07749998569488525
17 0.5718749761581421 0.16791701316833496 0.059999942779541016 0.07083296775817871
17 0.6515629887580872 0.14708298444747925 0.06062495708465576 0.08583295345306396
17 0.7456250190734863 0.13833299279212952 0.0625 0.086667001247406
17 0.8415619730949402 0.11583298444747925 0.06687498092651367 0.1033329963684082
17 0.9465619921684265 0.09624999761581421 0.06562495231628418 0.10249996185302734
17 0.016874998807907104 0.4099999964237213 0.032499998807907104 0.04333299398422241
17 0.06156200170516968 0.39833301305770874 0.05687500536441803 0.07166707515716553
17 0.1146870031952858 0.38041698932647705 0.06562499701976776 0.06749999523162842
17 0.17781299352645874 0.3641670048236847 0.05812498927116394 0.06000000238418579
17 0.24187499284744263 0.34208303689956665 0.05500000715255737 0.05916702747344971
17 0.30406299233436584 0.32375001907348633 0.056874990463256836 0.07416701316833496
17 0.3812499940395355 0.3104169964790344 0.07375001907348633 0.06749999523162842
17 0.4518750011920929 0.2958329916000366 0.05500000715255737 0.06833302974700928
17 0.5331249833106995 0.27791696786880493 0.0625 0.07749998569488525
17 0.6150000095367432 0.25791698694229126 0.059999942779541016 0.08583295345306396
17 0.7059370279312134 0.2466670274734497 0.05937504768371582 0.08333301544189453
17 0.8015620112419128 0.23458299040794373 0.06062495708465576 0.06916695833206177
17 0.8984379768371582 0.21583297848701477 0.0706249475479126 0.07499998807907104
17 0.9740627408027649 0.3279170095920563 0.051874518394470215 0.100832998752594
17 0.8575000166893005 0.33333298563957214 0.06499993801116943 0.08499997854232788
17 0.7584369778633118 0.3474999666213989 0.06437504291534424 0.0733330249786377
17 0.6640620231628418 0.3629170060157776 0.06562495231628418 0.07749998569488525
17 0.5746880173683167 0.37208300828933716 0.061874985694885254 0.06749999523162842
17 0.4896869957447052 0.38624995946884155 0.059374988079071045 0.06749999523162842
17 0.41062501072883606 0.3941670060157776 0.05624997615814209 0.060000061988830566
17 0.3425000011920929 0.41499999165534973 0.0625 0.06499999761581421
17 0.2718749940395355 0.42500001192092896 0.06125001609325409 0.0766669511795044
17 0.20937499403953552 0.43208301067352295 0.05500000715255737 0.06749999523162842
17 0.14906199276447296 0.45583298802375793 0.05687499791383743 0.07499998807907104
17 0.08812499791383743 0.4724999666213989 0.051249995827674866 0.0733330249786377
17 0.035312000662088394 0.47416701912879944 0.051875002682209015 0.06999999284744263
17 0.05968699976801872 0.5558329820632935 0.05062500387430191 0.06500005722045898
17 0.11781300604343414 0.5479170083999634 0.0481250062584877 0.060832977294921875
17 0.17812499403953552 0.5445830225944519 0.05750000476837158 0.07083296775817871
17 0.2421880066394806 0.5149999856948853 0.06062501668930054 0.07500004768371582
17 0.3062500059604645 0.5062500238418579 0.046249985694885254 0.08083295822143555
17 0.3799999952316284 0.5045830011367798 0.05374997854232788 0.06916701793670654
17 0.45375001430511475 0.4841670095920563 0.06124997138977051 0.08166700601577759
17 0.5387499928474426 0.4745829701423645 0.05624997615814209 0.06916701793670654
17 0.6237499713897705 0.4662500023841858 0.059999942779541016 0.08583295345306396
17 0.7181249856948853 0.4604170024394989 0.06375002861022949 0.08583301305770874
17 0.8149999976158142 0.4533329904079437 0.06375002861022949 0.09166699647903442
17 0.9253119826316833 0.44041699171066284 0.07562506198883057 0.10083305835723877
17 0.6775000095367432 0.5724999904632568 0.07124996185302734 0.07500004768371582
17 0.637499988079071 0.6883329749107361 0.06875002384185791 0.08166694641113281
17 0.5837500095367432 0.5770829916000366 0.06500005722045898 0.06749999523162842
17 0.5459370017051697 0.6937500238418579 0.06062495708465576 0.07083296775817871
17 0.4975000023841858 0.581250011920929 0.06749999523162842 0.06916701793670654
17 0.4609380066394806 0.6954169869422913 0.05812501907348633 0.06749999523162842
17 0.4178119897842407 0.5950000286102295 0.05812501907348633 0.08333301544189453
17 0.3865619897842407 0.7024999856948853 0.05437499284744263 0.0700000524520874
17 0.33906200528144836 0.6025000214576721 0.04937499761581421 0.07500004768371582
17 0.31593701243400574 0.7079169750213623 0.06812500953674316 0.07916700839996338
17 0.27406200766563416 0.6083329916000366 0.056874990463256836 0.07166695594787598
17 0.2421880066394806 0.7112500071525574 0.058125004172325134 0.07083296775817871
17 0.20812499523162842 0.6262500286102295 0.052500009536743164 0.08249998092651367
17 0.14000000059604645 0.6279169917106628 0.05625000596046448 0.07916700839996338
17 0.1146870031952858 0.7204170227050781 0.05937500298023224 0.08083295822143555
17 0.08624999970197678 0.6420829892158508 0.05499999597668648 0.0841670036315918
17 0.055312998592853546 0.7333329916000366 0.050624996423721313 0.0549999475479126
17 0.03312499821186066 0.6470829844474792 0.06499999761581421 0.08083295822143555
17 0.024063000455498695 0.8029170036315918 0.04437499865889549 0.07916700839996338
17 0.057500001043081284 0.9020829796791077 0.054999999701976776 0.06749999523162842
17 0.08687499910593033 0.8154169917106628 0.04500000178813934 0.06916701793670654
17 0.14562499523162842 0.8087499737739563 0.05250000208616257 0.07583296298980713
17 0.1743749976158142 0.9049999713897705 0.05625000596046448 0.0733330249786377
17 0.11812499910593033 0.9029170274734497 0.056249991059303284 0.07249999046325684
17 0.2046869993209839 0.8125 0.04937499761581421 0.06333303451538086
17 0.24781200289726257 0.90625 0.05187499523162842 0.05916702747344971
17 0.27937498688697815 0.8095830082893372 0.052500009536743164 0.07749998569488525
17 0.34937500953674316 0.8129169940948486 0.052500009536743164 0.07083296775817871
17 0.3931249976158142 0.9095829725265503 0.0625 0.07916700839996338
17 0.42531201243400574 0.8045830130577087 0.06062501668930054 0.08749997615814209
17 0.5134369730949402 0.807083010673523 0.06562498211860657 0.08749997615814209
17 0.46812498569488525 0.9104170203208923 0.052500009536743164 0.06749999523162842
17 0.5553119778633118 0.9233329892158508 0.05937504768371582 0.09333300590515137
17 0.6000000238418579 0.8216670155525208 0.05124998092651367 0.08500003814697266
