15 0.31808000802993774 0.5319110155105591 0.25570398569107056 0.17427200078964233
15 0.4658980071544647 0.6081349849700928 0.2576879858970642 0.13359802961349487
15 0.2581849992275238 0.22420597076416016 0.17261898517608643 0.3207669258117676
15 0.6643109917640686 0.808696985244751 0.22544598579406738 0.31911399960517883
15 0.775297999382019 0.6828700304031372 0.28769803047180176 0.09325402975082397
15 0.8469740152359009 0.4722219705581665 0.2911710739135742 0.12367701530456543
15 0.5277780294418335 0.374504029750824 0.23710298538208008 0.2589290142059326
15 0.6377729773521423 0.29894202947616577 0.2740579843521118 0.19113802909851074
15 0.6464530229568481 0.18617701530456543 0.2566959857940674 0.19841301441192627
15 0.7430559992790222 0.1056550145149231 0.2728170156478882 0.20998704433441162
17 0.43130001425743103 0.026124238967895508 0.07638901472091675 0.052248477935791016
17 0.4303080141544342 0.9624670147895813 0.08730202913284302 0.0744049996137619
17 0.5430309772491455 0.9530420303344727 0.07118105888366699 0.09060800075531006
17 0.43551599979400635 0.4363430142402649 0.0744050145149231 0.09755301475524902
17 0.359622985124588 0.34507298469543457 0.06894797086715698 0.10482800006866455
17 0.796379029750824 0.57225501537323 0.09920597076416016 0.10482800006866455
16 0.37735599279403687 0.6102839708328247 0.08308500051498413 0.09490698575973511
16 0.22854700684547424 0.570106029510498 0.07862098515033722 0.09788399934768677
16 0.5904020071029663 0.7008930444717407 0.0776289701461792 0.09490698575973511
16 0.8852930068969727 0.6944440007209778 0.09151804447174072 0.08201098442077637
16 0.9479169845581055 0.48230797052383423 0.08730196952819824 0.08895501494407654
16 0.619047999382019 0.46792298555374146 0.08085298538208008 0.09788402915000916
16 0.7375990152359009 0.35648101568222046 0.07440495491027832 0.07341301441192627
16 0.756447970867157 0.2566140294075012 0.07539701461791992 0.09193098545074463
16 0.8508179783821106 0.1840280294418335 0.06572401523590088 0.07638895511627197
16 0.84375 0.06101202964782715 0.0669640302658081 0.0777120590209961
