15 0.019077880308032036 0.2746470868587494 0.03815576061606407 0.3293473720550537
15 0.008492453023791313 0.2068929821252823 0.016984906047582626 0.10709508508443832
15 0.22923369705677032 0.40134483575820923 0.23913051187992096 0.3293473720550537
15 0.3898759186267853 0.5142184495925903 0.208277627825737 0.29360246658325195
15 0.6407557129859924 0.6250720024108887 0.31363195180892944 0.27405717968940735
15 0.7027571201324463 0.7558260560035706 0.3192254602909088 0.283512681722641
15 0.7781778573989868 0.46239882707595825 0.3683193624019623 0.2276984602212906
16 0.787716269493103 0.7463369965553284 0.3145020008087158 0.303107887506485
16 0.3035220503807068 0.36079683899879456 0.1859445422887802 0.27547505497932434
16 0.21619848906993866 0.3078717291355133 0.0967411920428276 0.10709508508443832
16 0.31084349751472473 0.44316065311431885 0.08652886003255844 0.1119486391544342
16 0.32969117164611816 0.5632386207580566 0.09820403158664703 0.12839359045028687
16 0.7265189290046692 0.5982303619384766 0.1614723950624466 0.11484452337026596
15 0.8623335957527161 0.8214048147201538 0.12806186079978943 0.13339711725711823
17 0.8947728872299194 0.5207099914550781 0.11483141779899597 0.11016927659511566
17 0.7141565680503845 0.7539227604866028 0.30410242080688477 0.29681599140167236
17 0.6386538743972778 0.8897964358329773 0.08803606778383255 0.0840732604265213
17 0.5134003162384033 0.867148756980896 0.10455600917339325 0.11130712926387787
17 0.45491349697113037 0.7515524625778198 0.11107499897480011 0.10412821173667908
17 0.4156104624271393 0.6278307437896729 0.08659281581640244 0.08696882426738739
17 0.7851883769035339 0.5495821833610535 0.0922798216342926 0.08764868229627609
17 0.3763521909713745 0.3113706409931183 0.09549614042043686 0.10740704834461212
17 0.38071557879447937 0.20508761703968048 0.09003805369138718 0.09739275276660919
17 0.502801775932312 0.27478721737861633 0.10889508575201035 0.10036896169185638
