17 0.7354642152786255 0.011504973284900188 0.17477242648601532 0.023009946569800377
17 0.3708830773830414 0.011899704113602638 0.18463332951068878 0.023799408227205276
17 0.09901353716850281 0.049115024507045746 0.19802707433700562 0.09823004901409149
17 0.012984738685190678 0.4219062030315399 0.025969477370381355 0.15378567576408386
17 0.7430845499038696 0.05451761558651924 0.17477242648601532 0.10903523117303848
17 0.39295580983161926 0.19093824923038483 0.18463332951068878 0.1640768200159073
17 0.9060037732124329 0.23785729706287384 0.12338137626647949 0.15443088114261627
17 0.9206079244613647 0.4492250680923462 0.13088005781173706 0.14863631129264832
17 0.9003458023071289 0.6908195614814758 0.19930844008922577 0.17545846104621887
17 0.6749497652053833 0.21038676798343658 0.19282501935958862 0.1487160623073578
17 0.6446681022644043 0.4283604621887207 0.19321972131729126 0.15665361285209656
17 0.5881531834602356 0.6596037745475769 0.19848161935806274 0.15343253314495087
