17 0.44320398569107056 0.4523810148239136 0.06150805950164795 0.08002603054046631
17 0.5425350069999695 0.4300599992275238 0.05679595470428467 0.07771199941635132
17 0.6140869855880737 0.5239750146865845 0.059028029441833496 0.07374298572540283
17 0.5848209857940674 0.6349210143089294 0.06001996994018555 0.07804203033447266
17 0.5093010067939758 0.5496029853820801 0.05282700061798096 0.07142901420593262
17 0.413565993309021 0.5825070142745972 0.06969201564788818 0.07572793960571289
17 0.4840029776096344 0.6711310148239136 0.058283984661102295 0.0777120590209961
16 0.7273070216178894 0.22255299985408783 0.061756014823913574 0.0853169858455658
16 0.780381977558136 0.2840610146522522 0.06721198558807373 0.09060800075531006
16 0.4564729928970337 0.12929899990558624 0.062252044677734375 0.11838600039482117
16 0.3592510223388672 0.15806899964809418 0.050346970558166504 0.10978800058364868
16 0.25595200061798096 0.20767199993133545 0.06001996994018555 0.11111098527908325
16 0.210440993309021 0.3052250146865845 0.05381894111633301 0.09920597076416016
16 0.15724200010299683 0.41617101430892944 0.054563045501708984 0.10548901557922363
16 0.21688997745513916 0.7948079705238342 0.05828404426574707 0.08631002902984619
16 0.3320930004119873 0.8931879997253418 0.07291698455810547 0.12698400020599365
16 0.4616820216178894 0.953703761100769 0.07614099979400635 0.09259247779846191
16 0.6292159557342529 0.9490739703178406 0.07043701410293579 0.09391498565673828
16 0.7544640302658081 0.7997689843177795 0.08085298538208008 0.09623003005981445
16 0.8164680004119873 0.6770830154418945 0.08184504508972168 0.07704997062683105
15 0.7237100005149841 0.38161399960517883 0.18551599979400635 0.2731480002403259
15 0.6624499559402466 0.3148150146007538 0.18650799989700317 0.2784389853477478
15 0.4920629858970642 0.23594599962234497 0.13045597076416016 0.3210979700088501
15 0.40476202964782715 0.25942501425743103 0.14632904529571533 0.3363099694252014
15 0.3092759847640991 0.3010909855365753 0.17113101482391357 0.2827380299568176
15 0.27889400720596313 0.39914000034332275 0.18874001502990723 0.285053014755249
15 0.23325902223587036 0.49454396963119507 0.2065969705581665 0.27943095564842224
15 0.2884420156478882 0.6929559707641602 0.20486104488372803 0.27083301544189453
15 0.37723201513290405 0.7789350152015686 0.15525805950164795 0.3402780294418335
15 0.47805100679397583 0.8333330154418945 0.10739099979400635 0.3253970146179199
15 0.6016870141029358 0.8220900297164917 0.11756002902984619 0.3498680591583252
15 0.6848959922790527 0.7238759994506836 0.2105649709701538 0.25595200061798096
15 0.7409470081329346 0.6157410144805908 0.234375 0.1970900297164917
