15 0.7697170972824097 0.02932818792760372 0.20215100049972534 0.05865637585520744
15 0.873376190662384 0.05109204351902008 0.164066344499588 0.10218408703804016
15 0.7517076134681702 0.02158346027135849 0.09182655811309814 0.04316692054271698
15 0.843662679195404 0.04721794277429581 0.09586881101131439 0.09443588554859161
15 0.037570178508758545 0.00563086150214076 0.07514035701751709 0.01126172300428152
15 0.0019517758628353477 0.11496701836585999 0.0039035517256706953 0.22993403673171997
15 0.2710658609867096 0.08713115751743317 0.178874671459198 0.17426231503486633
15 0.3755718171596527 0.10385401546955109 0.15735004842281342 0.20770803093910217
15 0.47241854667663574 0.1372842937707901 0.18635061383247375 0.2745685875415802
15 0.569442868232727 0.17971080541610718 0.1721545308828354 0.27640077471733093
15 0.6632464528083801 0.2386794090270996 0.20215100049972534 0.3026975989341736
15 0.7663613557815552 0.29858145117759705 0.164066344499588 0.2733365595340729
15 0.20546966791152954 0.25335708260536194 0.18441376090049744 0.2887628972530365
15 0.3088427484035492 0.2852138578891754 0.16817690432071686 0.2765496075153351
15 0.4037737548351288 0.3470827341079712 0.1754882037639618 0.28677624464035034
15 0.5092154145240784 0.4066850543022156 0.1553705483675003 0.265430748462677
15 0.5992342233657837 0.45660069584846497 0.17472468316555023 0.268187552690506
15 0.6985248327255249 0.5214599370956421 0.15469315648078918 0.2603763937950134
15 0.7955635190010071 0.5746336579322815 0.16200824081897736 0.26766642928123474
15 0.8261206150054932 0.8658678531646729 0.1514466553926468 0.2682642638683319
16 0.635821521282196 0.7443878054618835 0.18595388531684875 0.30018824338912964
16 0.5273290276527405 0.6868025660514832 0.17902599275112152 0.2977868616580963
16 0.42794185876846313 0.6388026475906372 0.1821800321340561 0.3009714186191559
16 0.3268958628177643 0.5842169523239136 0.1801181584596634 0.29823780059814453
16 0.22301308810710907 0.5336501002311707 0.19580702483654022 0.3116939663887024
16 0.11399301141500473 0.4664909541606903 0.20392003655433655 0.30820339918136597
16 0.2866344153881073 0.004316491540521383 0.09450075775384903 0.008632983081042767
16 0.3942328095436096 0.03498062118887901 0.09096354246139526 0.06996124237775803
16 0.49419844150543213 0.05829869210720062 0.09763754159212112 0.11659738421440125
16 0.5963084101676941 0.10784822702407837 0.09812384843826294 0.11379022896289825
16 0.6940158605575562 0.16641560196876526 0.09182655811309814 0.11261404305696487
16 0.7844743132591248 0.22084233164787292 0.09586881101131439 0.11561446636915207
16 0.8235778212547302 0.5007950663566589 0.08445338159799576 0.09630026668310165
16 0.7266454100608826 0.4312678277492523 0.0917649120092392 0.10652776807546616
16 0.6388121843338013 0.3750830292701721 0.11095178127288818 0.12129047513008118
16 0.5365102291107178 0.3286767303943634 0.0960974469780922 0.10969401150941849
16 0.44055014848709106 0.26947763562202454 0.10303174704313278 0.10622084885835648
16 0.33733177185058594 0.20776240527629852 0.11306097358465195 0.1278548687696457
16 0.23815368115901947 0.17567068338394165 0.11372600495815277 0.11371240019798279
16 0.16210994124412537 0.3909783959388733 0.11643730103969574 0.13099351525306702
