17 0.3034060001373291 0.09697400033473969 0.13789701461791992 0.10019800066947937
17 0.46164000034332275 0.20163699984550476 0.11772501468658447 0.08928599953651428
17 0.6549270153045654 0.265872985124588 0.1193779706954956 0.09920601546764374
17 0.265377014875412 0.25558000802993774 0.11937801539897919 0.08506900072097778
17 0.4328700006008148 0.3585070073604584 0.12367701530456543 0.08854198455810547
17 0.09705699980258942 0.3665669858455658 0.12797600030899048 0.08730202913284302
17 0.28273800015449524 0.4694939851760864 0.11640198528766632 0.08631002902984619
17 0.6413689851760864 0.4248510003089905 0.11474895477294922 0.0892859697341919
17 0.836143970489502 0.36073899269104004 0.1279759407043457 0.10788702964782715
17 0.4760249853134155 0.5261660218238831 0.1352510154247284 0.09151801466941833
17 0.9399799704551697 0.4960319995880127 0.12004005908966064 0.10466301441192627
17 0.670799970626831 0.5736610293388367 0.11673295497894287 0.08730196952819824
17 0.8655750155448914 0.6469489932060242 0.11805593967437744 0.09399795532226562
17 0.5449740290641785 0.6981649994850159 0.12367701530456543 0.0972219705581665
17 0.7276790142059326 0.765625 0.13789701461791992 0.10019803047180176
17 0.33217599987983704 0.6361610293388367 0.13789701461791992 0.09176599979400635
17 0.10796999931335449 0.5687000155448914 0.12929898500442505 0.09275805950164795
17 0.15839900076389313 0.7450399994850159 0.12367699295282364 0.09176599979400635
17 0.3688820004463196 0.7920389771461487 0.12533098459243774 0.09052598476409912
17 0.5580360293388367 0.850197970867157 0.12929901480674744 0.10367095470428467
