15 0.06456683576107025 0.9750874042510986 0.1291336715221405 0.04982513189315796
15 0.041458189487457275 0.9430548548698425 0.08291637897491455 0.11389033496379852
15 0.02855781465768814 0.9042772054672241 0.05711562931537628 0.19144560396671295
15 0.011202370747923851 0.8330116271972656 0.022404741495847702 0.23835276067256927
15 0.6527523994445801 0.7331811785697937 0.34827667474746704 0.2111511081457138
15 0.5948290824890137 0.6747430562973022 0.34300464391708374 0.20914487540721893
15 0.5310937166213989 0.616592526435852 0.37265756726264954 0.22658872604370117
16 0.4477066993713379 0.5432266592979431 0.40307706594467163 0.23835276067256927
16 0.3672298192977905 0.455563485622406 0.4266016185283661 0.25655585527420044
16 0.27534955739974976 0.3047451972961426 0.3579583168029785 0.2169198840856552
16 0.3526306450366974 0.3735797703266144 0.341446191072464 0.20784975588321686
16 0.7721994519233704 0.6856351494789124 0.10029100626707077 0.07754236459732056
16 0.7416762113571167 0.6420291066169739 0.07477736473083496 0.06273048371076584
16 0.7188160419464111 0.6278160810470581 0.0870802029967308 0.07028574496507645
16 0.6921364068984985 0.5875489711761475 0.05871041119098663 0.04438318312168121
16 0.6901291608810425 0.556341826915741 0.06868898123502731 0.0563240647315979
16 0.670689582824707 0.5598930716514587 0.08182888478040695 0.06469731032848358
16 0.6538177728652954 0.5315596461296082 0.06962524354457855 0.054457567632198334
16 0.6345959901809692 0.505271852016449 0.054315127432346344 0.043644316494464874
16 0.5950298309326172 0.4771983325481415 0.07979415357112885 0.06663008779287338
16 0.5837005972862244 0.4391085207462311 0.0559140108525753 0.045389194041490555
16 0.5376383066177368 0.37726420164108276 0.07078855484724045 0.06749588251113892
16 0.5117696523666382 0.3845868706703186 0.09252868592739105 0.07711522281169891
