17 0.3096480071544647 0.07804200053215027 0.05679601430892944 0.07142899930477142
17 0.40153801441192627 0.18204399943351746 0.05208301544189453 0.07705000042915344
17 0.3211809992790222 0.2919969856739044 0.05605196952819824 0.072750985622406
17 0.25595200061798096 0.20601899921894073 0.06795598566532135 0.07142898440361023
17 0.15315000712871552 0.30307498574256897 0.06225200742483139 0.07771199941635132
17 0.607142984867096 0.056216999888420105 0.05506002902984619 0.09193100035190582
17 0.6256200075149536 0.1868389993906021 0.06473195552825928 0.08002600073814392
17 0.7323909997940063 0.06729499995708466 0.0625 0.0863099992275238
17 0.27170100808143616 0.5998679995536804 0.07514899969100952 0.09060800075531006
17 0.3974449932575226 0.6195440292358398 0.07118099927902222 0.08101904392242432
17 0.3154760003089905 0.711143970489502 0.05753999948501587 0.07043695449829102
17 0.2151540070772171 0.7928239703178406 0.06324401497840881 0.08432495594024658
17 0.3632189929485321 0.8237429857254028 0.06324398517608643 0.07804203033447266
17 0.575892984867096 0.8951719999313354 0.05357098579406738 0.08201098442077637
17 0.6610860228538513 0.8034060001373291 0.05282700061798096 0.08631002902984619
17 0.7687249779701233 0.8040670156478882 0.055307984352111816 0.07043695449829102
17 0.696304976940155 0.9623017311096191 0.06721198558807373 0.07539647817611694
17 0.799107015132904 0.9755290150642395 0.06001996994018555 0.048941969871520996
