15 0.4184030294418335 0.7875329852104187 0.2232140302658081 0.17625698447227478
15 0.44196397066116333 0.6909719705581665 0.24007904529571533 0.19609801471233368
15 0.42373502254486084 0.5677909851074219 0.22247004508972168 0.21891498565673828
15 0.5979659557342529 0.7427250146865845 0.10714298486709595 0.31481504440307617
15 0.6604660153388977 0.7213959693908691 0.15029799938201904 0.3085319995880127
15 0.8053079843521118 0.5 0.11507898569107056 0.3181220293045044
15 0.5696919560432434 0.5261240005493164 0.21676599979400635 0.10581997036933899
15 0.7323909997940063 0.40939199924468994 0.0927579402923584 0.30489397048950195
15 0.6752229928970337 0.3063820004463196 0.07266902923583984 0.31051599979400635
15 0.6028029918670654 0.3085319995880127 0.06721198558807373 0.3253970146179199
15 0.521577000617981 0.3095239996910095 0.08085298538208008 0.3167990446090698
15 0.44010400772094727 0.3267199993133545 0.09052598476409912 0.33399498462677
15 0.29154300689697266 0.4391530156135559 0.20163702964782715 0.2817460298538208
15 0.32204902172088623 0.2392529845237732 0.1713789701461792 0.32771193981170654
15 0.19841301441192627 0.29100501537323 0.19940495491027832 0.2903439998626709
15 0.030629992485046387 0.18683898448944092 0.06125998497009277 0.35515904426574707
16 0.8301090002059937 0.40029799938201904 0.05109095573425293 0.10548901557922363
16 0.6496779918670654 0.610945999622345 0.050346970558166504 0.0744050145149231
16 0.5788689851760864 0.6216930150985718 0.054563045501708984 0.08730202913284302
16 0.49714797735214233 0.830191969871521 0.06076395511627197 0.0823410153388977
16 0.5303820371627808 0.7585979700088501 0.07911700010299683 0.09060800075531006
16 0.3504459857940674 0.5042990446090698 0.06944394111633301 0.1005290150642395
16 0.49404799938201904 0.5127309560775757 0.07341301441192627 0.07903403043746948
16 0.695311963558197 0.5267859697341919 0.06324398517608643 0.09391501545906067
16 0.6424850225448608 0.43435800075531006 0.04389899969100952 0.0777120590209961
16 0.5744050145149231 0.4254299998283386 0.05357098579406738 0.10019803047180176
16 0.5203369855880737 0.20122402906417847 0.06398797035217285 0.10019803047180176
16 0.4532489776611328 0.4499009847640991 0.0478670597076416 0.09160101413726807
16 0.3635910153388977 0.3374670147895813 0.05605196952819824 0.08631002902984619
16 0.265625 0.3420969843864441 0.06498003005981445 0.08763206005096436
16 0.2733129858970642 0.18055599927902222 0.05605196952819824 0.09259295463562012
16 0.022197246551513672 0.05638223886489868 0.044394493103027344 0.11276447772979736
