17 0.639054000377655 0.4231150150299072 0.13657402992248535 0.11309504508972168
17 0.6441799998283386 0.6398810148239136 0.11507904529571533 0.10019803047180176
17 0.8245700001716614 0.8366820216178894 0.12797605991363525 0.11433500051498413
17 0.9479167461395264 0.6798120141029358 0.10416650772094727 0.12400799989700317
17 0.6155750155448914 0.8177080154418945 0.13525104522705078 0.10466298460960388
17 0.43931901454925537 0.679190993309021 0.14517199993133545 0.10342299938201904
17 0.2574400007724762 0.779017984867096 0.15244698524475098 0.11111101508140564
15 0.3344910144805908 0.492684006690979 0.3349870443344116 0.32564496994018555
15 0.29695799946784973 0.36111098527908325 0.412697970867157 0.3125
16 0.452877014875412 0.3719000220298767 0.12070101499557495 0.13368093967437744
16 0.42642199993133545 0.2501239776611328 0.1511240005493164 0.1143350601196289
