15 0.2857140004634857 0.4414680004119873 0.24900799989700317 0.10912704467773438
15 0.3444939851760864 0.6168980002403259 0.23313498497009277 0.14980196952819824
15 0.48685500025749207 0.5752310156822205 0.2653769850730896 0.2357800006866455
15 0.6103670001029968 0.48032400012016296 0.234127014875412 0.45998698472976685
15 0.41617101430892944 0.3574739694595337 0.2728170156478882 0.20833301544189453
15 0.38119998574256897 0.15625 0.11210298538208008 0.3118389844894409
15 0.522445023059845 0.1835319995880127 0.2695930004119873 0.32341301441192627
15 0.610243022441864 0.1021830141544342 0.4064979553222656 0.19246000051498413
16 0.21664200723171234 0.46164000034332275 0.09598198533058167 0.0806879997253418
16 0.2857140004634857 0.6299600005149841 0.10466301441192627 0.12367701530456543
16 0.3984380066394806 0.514054000377655 0.0820930004119873 0.10218298435211182
16 0.3201879858970642 0.3120039999485016 0.0744050145149231 0.07771199941635132
16 0.4495289921760559 0.1431879997253418 0.09598201513290405 0.10515904426574707
16 0.5407990217208862 0.34160101413726807 0.10342299938201904 0.1421959400177002
16 0.4222469925880432 0.05257898569107056 0.0776289701461792 0.08201098442077637
