15 0.5987100005149841 0.312747985124588 0.7007280588150024 0.1641870141029358
15 0.5777119994163513 0.5709329843521118 0.6488100290298462 0.16468298435211182
15 0.45155400037765503 0.4678820073604584 0.46395501494407654 0.0984620451927185
15 0.5208330154418945 0.3826879858970642 0.5707669258117676 0.14236104488372803
15 0.3864090144634247 0.8368059992790222 0.33829396963119507 0.10168695449829102
15 0.4141870141029358 0.9389879703521729 0.37004002928733826 0.1220240592956543
15 0.40128999948501587 0.6519100069999695 0.37202396988868713 0.1049109697341919
16 0.34788399934768677 0.31398800015449524 0.20370399951934814 0.10714298486709595
16 0.32126298546791077 0.383556991815567 0.1716269850730896 0.08308500051498413
16 0.22321400046348572 0.3743799924850464 0.05026501417160034 0.05828404426574707
16 0.28769800066947937 0.46998998522758484 0.13029098510742188 0.05605202913284302
16 0.27017199993133545 0.515129029750824 0.1289680004119873 0.03273797035217285
16 0.26273098587989807 0.5655999779701233 0.047949984669685364 0.061756014823913574
16 0.3404429852962494 0.5866820216178894 0.16964298486709595 0.0815969705581665
16 0.23379600048065186 0.5866820216178894 0.04828000068664551 0.04489099979400635
16 0.28125 0.6684030294418335 0.1193779855966568 0.04811501502990723
16 0.2476850003004074 0.6423609852790833 0.08399501442909241 0.034226059913635254
16 0.24983499944210052 0.7924110293388367 0.0863099992275238 0.04464304447174072
16 0.2663689851760864 0.8619790077209473 0.09358501434326172 0.0478670597076416
16 0.2589290142059326 0.8939729928970337 0.072750985622406 0.06721198558807373
16 0.27695098519325256 0.9733380079269409 0.11937801539897919 0.05332303047180176
15 0.3591270446777344 0.7771580219268799 0.3306880295276642 0.09102201461791992
