15 0.8565230369567871 0.5519180297851562 0.27504998445510864 0.18253999948501587
15 0.12066000699996948 0.5563820004463196 0.24131906032562256 0.1709660291671753
15 0.6390129923820496 0.5813490152359009 0.11135900020599365 0.43386203050613403
15 0.48722702264785767 0.5641529560089111 0.12723198533058167 0.4801589846611023
15 0.36817997694015503 0.5578700304031372 0.1133430004119873 0.46428602933883667
15 0.2650049924850464 0.5567130446434021 0.06919598579406738 0.34556901454925537
16 0.9499009847640991 0.544808030128479 0.09275799989700317 0.07903403043746948
16 0.029017984867095947 0.5658069849014282 0.058035969734191895 0.08333301544189453
16 0.6950640082359314 0.3822749853134155 0.030009984970092773 0.04828000068664551
16 0.665922999382019 0.37648797035217285 0.03422600030899048 0.04861104488372803
16 0.6225199699401855 0.4029430150985718 0.04117101430892944 0.07440495491027832
16 0.5739090442657471 0.4090610146522522 0.047618985176086426 0.07804203033447266
16 0.5321179628372192 0.39914000034332275 0.05381900072097778 0.08399498462677002
16 0.47755497694015503 0.3850859999656677 0.06473198533058167 0.09623003005981445
16 0.42683500051498413 0.38888901472091675 0.057540059089660645 0.09589898586273193
16 0.3581349849700928 0.378803014755249 0.07390904426574707 0.10482800006866455
16 0.32316499948501587 0.3723539710044861 0.04017901420593262 0.05555593967437744
16 0.29923099279403687 0.3801259994506836 0.046875 0.10085999965667725
16 0.265129029750824 0.41220200061798096 0.04117095470428467 0.06051599979400635
