16 0.7475199699401855 0.12041200697422028 0.18154799938201904 0.10887900739908218
16 0.4839619994163513 0.03311000019311905 0.1068120002746582 0.06572400033473969
16 0.46048301458358765 0.2527279853820801 0.07903397083282471 0.07589298486709595
16 0.4232800006866455 0.42361098527908325 0.10449695587158203 0.07192498445510864
16 0.5128970146179199 0.4247269928455353 0.08730196952819824 0.07118099927902222
16 0.5496029853820801 0.5607640147209167 0.06283098459243774 0.04861104488372803
16 0.4738759994506836 0.5544390082359314 0.08201098442077637 0.06324398517608643
16 0.6327710151672363 0.6711310148239136 0.06514602899551392 0.058531999588012695
16 0.6749340295791626 0.24876001477241516 0.07870399951934814 0.06150801479816437
15 0.597553014755249 0.14632900059223175 0.4768519699573517 0.1641869843006134
15 0.3566470146179199 0.34548598527908325 0.31051599979400635 0.2504960298538208
15 0.49520498514175415 0.3359380066394806 0.2232140302658081 0.24875998497009277
15 0.4141870141029358 0.5260419845581055 0.25694403052330017 0.24801599979400635
15 0.14384901523590088 0.15476199984550476 0.28769803047180176 0.3055559992790222
15 0.499504029750824 0.744047999382019 0.1994049847126007 0.16716301441192627
15 0.45899498462677 0.8407739996910095 0.22949698567390442 0.14632904529571533
19 0.2643849849700928 0.42361098527908325 0.18551599979400635 0.1215280294418335
19 0.34970200061798096 0.6028029918670654 0.138558030128479 0.10243105888366699
19 0.4532080292701721 0.7106890082359314 0.1471560001373291 0.11036694049835205
19 0.4072420001029968 0.8239089846611023 0.1431879997253418 0.11111104488372803
19 0.11078023910522461 0.2659969925880432 0.22156047821044922 0.11036700010299683
