15 0.0068481964990496635 0.36001089215278625 0.013696392998099327 0.43958690762519836
15 0.7854164242744446 0.5037468075752258 0.21831990778446198 0.4429195821285248
15 0.6036345362663269 0.47430071234703064 0.21903355419635773 0.43798741698265076
15 0.4350576102733612 0.4522419273853302 0.20559482276439667 0.4320361614227295
16 0.252475768327713 0.41677728295326233 0.21010345220565796 0.43958690762519836
16 0.7770715355873108 0.6570104956626892 0.12002233415842056 0.13816779851913452
16 0.7038993835449219 0.6384764909744263 0.07978790253400803 0.12120479345321655
16 0.6678405404090881 0.6300327777862549 0.04440468177199364 0.09340498596429825
16 0.5467160940170288 0.6075447797775269 0.053836241364479065 0.11296802759170532
16 0.5997465252876282 0.6218468546867371 0.09801235795021057 0.13453397154808044
16 0.5321383476257324 0.6214396953582764 0.02949560061097145 0.07162115722894669
16 0.4759454131126404 0.5989169478416443 0.05214746668934822 0.08216739445924759
16 0.41760730743408203 0.5897381901741028 0.10719533264636993 0.15142032504081726
16 0.2907671332359314 0.570268452167511 0.07584621757268906 0.11660192161798477
