17 0.02053246833384037 0.9915193915367126 0.04106493666768074 0.016961265355348587
17 0.011371935717761517 0.8667894005775452 0.022743871435523033 0.1894860416650772
17 0.8080839514732361 0.8994318842887878 0.18521727621555328 0.1478065699338913
17 0.43158602714538574 0.9053475856781006 0.20040486752986908 0.18930484354496002
17 0.9143474102020264 0.6197700500488281 0.1385466456413269 0.18929776549339294
17 0.869930624961853 0.3813551664352417 0.1453990787267685 0.18370705842971802
17 0.7871225476264954 0.12457865476608276 0.22370877861976624 0.22339175641536713
17 0.6986887454986572 0.7594893574714661 0.20695775747299194 0.191520094871521
17 0.6090700626373291 0.535137951374054 0.20816980302333832 0.20050831139087677
17 0.49042806029319763 0.3087015151977539 0.2130655199289322 0.197536900639534
17 0.15840765833854675 0.9577291011810303 0.21725617349147797 0.08454178273677826
17 0.3208597004413605 0.7066398859024048 0.2084857076406479 0.20060284435749054
