16 0.03630780801177025 0.1081390380859375 0.0726156160235405 0.08843325823545456
16 0.5916439890861511 0.01206577941775322 0.18460538983345032 0.02413155883550644
16 0.2180071920156479 0.045755159109830856 0.4360143840312958 0.09151031821966171
16 0.370961993932724 0.05667324364185333 0.6225790977478027 0.11334648728370667
16 0.7203601598739624 0.895630419254303 0.20438481867313385 0.17319248616695404
16 0.7067641615867615 0.7247908115386963 0.17329896986484528 0.13839687407016754
16 0.5430548191070557 0.5767107009887695 0.19348788261413574 0.177171528339386
16 0.34428173303604126 0.22793026268482208 0.1647956669330597 0.12694844603538513
16 0.5268286466598511 0.1331157386302948 0.1862158328294754 0.12953223288059235
16 0.09159617871046066 0.34463366866111755 0.16710764169692993 0.13274608552455902
15 0.26098954677581787 0.5147351622581482 0.12373610585927963 0.13953626155853271
15 0.3547361493110657 0.5292350649833679 0.1515810489654541 0.15795812010765076
15 0.03936069458723068 0.15963689982891083 0.07872138917446136 0.08843325823545456
15 0.5980138778686523 0.03892873600125313 0.18460538983345032 0.07785747200250626
15 0.5358781218528748 0.8983330130577087 0.590923547744751 0.2033339887857437
15 0.5188778042793274 0.7616021633148193 0.6476407051086426 0.270725280046463
15 0.7563291192054749 0.5696949362754822 0.413417249917984 0.21845917403697968
15 0.7531599998474121 0.4436059892177582 0.38658443093299866 0.18118071556091309
15 0.7811024188995361 0.3091810941696167 0.30645373463630676 0.20943167805671692
15 0.6975113749504089 0.174412339925766 0.44809770584106445 0.31918883323669434
15 0.4775933027267456 0.4580412209033966 0.25674042105674744 0.461349219083786
