15 0.5936260223388672 0.7491729855537415 0.37971198558807373 0.2675260305404663
15 0.6274799704551697 0.5810189843177795 0.3655749559402466 0.23875701427459717
15 0.5050839781761169 0.4558529853820801 0.3816959857940674 0.2443779706954956
15 0.5111610293388367 0.2898479998111725 0.37202396988868713 0.23445801436901093
15 0.37685999274253845 0.14897498488426208 0.3836809992790222 0.2972880005836487
15 0.8183280229568481 0.11441799998283386 0.3633430004119873 0.19113799929618835
17 0.06299600005149841 0.4113759994506836 0.125 0.16666698455810547
16 0.07601699233055115 0.122189000248909 0.11631899327039719 0.16964301466941833
16 0.5186010003089905 0.05191799998283386 0.10664701461791992 0.09193100035190582
16 0.9650300145149231 0.12020500004291534 0.06993997097015381 0.130621999502182
16 0.6625739932060242 0.24305599927902222 0.1098710298538208 0.12367701530456543
16 0.6636899709701538 0.3955030143260956 0.11408698558807373 0.12367701530456543
16 0.7839779853820801 0.5105819702148438 0.11309504508972168 0.09788396954536438
16 0.7445440292358398 0.6779099702835083 0.0907740592956543 0.1164020299911499
