16 0.8318449854850769 0.41951900720596313 0.0704369843006134 0.0463789701461792
16 0.7886899709701538 0.38913699984550476 0.058862000703811646 0.043155014514923096
16 0.7490079998970032 0.33395299315452576 0.06944400072097778 0.054315030574798584
16 0.6979169845581055 0.39186498522758484 0.06713002920150757 0.0471230149269104
16 0.7447090148925781 0.4459330141544342 0.06084698438644409 0.04811501502990723
16 0.7987760305404663 0.47123000025749207 0.06845200061798096 0.04563498497009277
16 0.8391200304031372 0.5591520071029663 0.06183898448944092 0.04538702964782715
16 0.7832340002059937 0.5724210143089294 0.06712998449802399 0.04315495491027832
16 0.7556220293045044 0.6331850290298462 0.09060800075531006 0.05605196952819824
16 0.7144509553909302 0.5135170221328735 0.06845200061798096 0.0473710298538208
16 0.5256279706954956 0.7624009847640991 0.09622997045516968 0.0615079402923584
15 0.3966599702835083 0.23673099279403687 0.27943098545074463 0.1832839846611023
15 0.3511899709701538 0.29551100730895996 0.2956349849700928 0.1872519850730896
15 0.24503999948501587 0.397940993309021 0.36045002937316895 0.11036700010299683
15 0.354000985622406 0.47073400020599365 0.2966270446777344 0.1294640302658081
15 0.3346560001373291 0.5623760223388672 0.2943120002746582 0.18625998497009277
15 0.36557501554489136 0.802827000617981 0.3158069849014282 0.13591301441192627
15 0.5160380005836487 0.64198899269104 0.09160101413726807 0.20163702964782715
15 0.443947970867157 0.6535220146179199 0.18022501468658447 0.18948400020599365
15 0.5864750146865845 0.7635170221328735 0.1921299695968628 0.21602201461791992
16 0.2898480296134949 0.16505500674247742 0.06845200061798096 0.06076401472091675
16 0.2483469843864441 0.22147800028324127 0.06415295600891113 0.060019999742507935
16 0.10598498582839966 0.42832300066947937 0.06514596939086914 0.07688498497009277
16 0.2334660291671753 0.5050839781761169 0.06613802909851074 0.0463789701461792
16 0.4573410153388977 0.49441999197006226 0.05357098579406738 0.04885900020599365
16 0.25314199924468994 0.830357015132904 0.08234095573425293 0.058531999588012695
16 0.5062829852104187 0.8299850225448608 0.11309501528739929 0.0736609697341919
