15 0.8895090222358704 0.6693120002746582 0.1639380007982254 0.29629600048065186
15 0.8544149994850159 0.3946760296821594 0.24702399969100952 0.38260602951049805
15 0.7234619855880737 0.7281749844551086 0.09275799989700317 0.40806901454925537
15 0.6511659622192383 0.6512899994850159 0.13368099927902222 0.4097219705581665
15 0.5519590377807617 0.3240739703178406 0.08606201410293579 0.3710319995880127
15 0.4387400150299072 0.4915670156478882 0.10118997097015381 0.3581349849700928
15 0.38380497694015503 0.5572090148925781 0.0776289701461792 0.3968249559402466
15 0.2920389771461487 0.5677909851074219 0.10143804550170898 0.4384920597076416
15 0.1950640082359314 0.5505949854850769 0.09052598476409912 0.375
15 0.09585797786712646 0.4773480296134949 0.10342299938201904 0.3693779706954956
16 0.8399059772491455 0.5714290142059326 0.06473201513290405 0.1124340295791626
16 0.7682290077209473 0.25363802909851074 0.09151801466941833 0.10052895545959473
16 0.7056050300598145 0.32473498582839966 0.06349200010299683 0.08201098442077637
16 0.7309029698371887 0.5972219705581665 0.058036014437675476 0.1005290150642395
16 0.6793149709701538 0.4937170147895813 0.0625 0.09788405895233154
16 0.6421129703521729 0.3908730149269104 0.08085298538208008 0.09060800075531006
16 0.5353419780731201 0.18105202913284302 0.08308500051498413 0.09358501434326172
16 0.45548099279403687 0.35995399951934814 0.07217299938201904 0.09490704536437988
16 0.3670629858970642 0.40178602933883667 0.06795597076416016 0.08597898483276367
16 0.30716800689697266 0.37946397066116333 0.06671595573425293 0.07903397083282471
16 0.20858097076416016 0.38872402906417847 0.0615079402923584 0.08631002902984619
16 0.10391902923583984 0.3313490152359009 0.07242095470428467 0.09193098545074463
