15 0.2802579998970032 0.14744499325752258 0.40773797035217285 0.09598201513290405
15 0.31382304430007935 0.23152300715446472 0.46164003014564514 0.0974699854850769
15 0.32986098527908325 0.33358100056648254 0.4322090148925781 0.09523802995681763
15 0.3521830141544342 0.39992600679397583 0.3829370141029358 0.051834940910339355
15 0.3267199993133545 0.4567210078239441 0.28042298555374146 0.055307984352111816
15 0.34408101439476013 0.5438989996910095 0.2688489556312561 0.08234095573425293
15 0.3341600000858307 0.6123510003089905 0.2529760003089905 0.04811501502990723
15 0.380621999502182 0.703993022441864 0.2837299704551697 0.0825890302658081
15 0.3778110146522522 0.7688490152359009 0.3250659704208374 0.10168695449829102
15 0.42526501417160034 0.8680559992790222 0.3564809560775757 0.09523797035217285
15 0.44874298572540283 0.9549850225448608 0.3478839695453644 0.09002995491027832
15 0.5383599996566772 0.5102930068969727 0.15145501494407654 0.304811954498291
15 0.6049929857254028 0.7627729773521423 0.2443779706954956 0.3871530294418335
15 0.7875329852104187 0.5654760003089905 0.4064149856567383 0.6969250440597534
16 0.161871999502182 0.171875 0.13855800032615662 0.0615079402923584
16 0.17460300028324127 0.2495039999485016 0.16666701436042786 0.06497997045516968
16 0.2028769999742508 0.28596198558807373 0.12665298581123352 0.04811501502990723
16 0.2108130007982254 0.36185500025749207 0.15376999974250793 0.05605202913284302
16 0.2204030156135559 0.40625 0.1068120151758194 0.05357098579406738
16 0.2460319995880127 0.46316999197006226 0.09589898586273193 0.04885900020599365
16 0.2663689851760864 0.5643600225448608 0.10482800006866455 0.05580401420593262
16 0.2663689851760864 0.6195440292358398 0.10019801557064056 0.05109095573425293
16 0.2705030143260956 0.6459569931030273 0.07671999931335449 0.03348195552825928
16 0.28339898586273193 0.672743022441864 0.07870399951934814 0.042410969734191895
16 0.2893519997596741 0.7263140082359314 0.0972219854593277 0.05679595470428467
16 0.2840610146522522 0.8019589781761169 0.10780400037765503 0.06572401523590088
16 0.2972880005836487 0.8643350005149841 0.08531701564788818 0.04464304447174072
16 0.3250660002231598 0.9019100069999695 0.13227498531341553 0.05927598476409912
16 0.3392859995365143 0.9556049704551697 0.09920603036880493 0.059028029441833496
16 0.5085980296134949 0.38876503705978394 0.08333301544189453 0.11135900020599365
16 0.5634920001029968 0.6171879768371582 0.10780394077301025 0.11185503005981445
16 0.691798985004425 0.30592799186706543 0.20899498462677002 0.17435503005981445
