17 0.5820110440254211 0.6445930004119873 0.04365098476409912 0.030257999897003174
17 0.514054000377655 0.6450890302658081 0.04001295566558838 0.03273802995681763
17 0.437995970249176 0.6377730369567871 0.03935205936431885 0.030506014823913574
17 0.5823410153388977 0.5896580219268799 0.046296000480651855 0.0314980149269104
17 0.5143849849700928 0.5884180068969727 0.042658984661102295 0.031993985176086426
17 0.44626301527023315 0.5820930004119873 0.04464304447174072 0.02827399969100952
17 0.3807870149612427 0.5868059992790222 0.045304059982299805 0.03125
17 0.5800260305404663 0.5376980304718018 0.03902101516723633 0.029761970043182373
17 0.5142199993133545 0.5374499559402466 0.04298901557922363 0.029265999794006348
17 0.44725501537323 0.5319939851760864 0.04001295566558838 0.029265999794006348
17 0.3824399709701538 0.5374499559402466 0.04265904426574707 0.030754029750823975
17 0.5787039995193481 0.48958301544189453 0.03902101516723633 0.02976202964782715
17 0.5089290142059326 0.48635900020599365 0.03902101516723633 0.02976202964782715
17 0.44113802909851074 0.484375 0.03902101516723633 0.02976202964782715
17 0.37466901540756226 0.4885910153388977 0.03902101516723633 0.02976202964782715
17 0.3726850152015686 0.4375 0.03902101516723633 0.02976202964782715
17 0.4460980296134949 0.4335319995880127 0.03902101516723633 0.02976202964782715
17 0.514549970626831 0.43576401472091675 0.03902095556259155 0.02976202964782715
17 0.5873019695281982 0.4362599849700928 0.03902101516723633 0.02976202964782715
