16 0.2635088562965393 0.6608996987342834 0.13688041269779205 0.12037496268749237
16 0.24208691716194153 0.5426180362701416 0.10889816284179688 0.13285048305988312
16 0.31971806287765503 0.5573933720588684 0.10368608683347702 0.0986240804195404
16 0.5370011329650879 0.688007116317749 0.11109679192304611 0.12108276784420013
16 0.4415781497955322 0.44564154744148254 0.10415900498628616 0.12283777445554733
16 0.17115134000778198 0.33212584257125854 0.14055022597312927 0.12473641335964203
15 0.3770699203014374 0.6337955594062805 0.3188570439815521 0.2903178632259369
15 0.30697008967399597 0.4805575907230377 0.2720203995704651 0.3267599940299988
15 0.5226649641990662 0.38807570934295654 0.25551506876945496 0.31302860379219055
15 0.6072393655776978 0.6090307235717773 0.2482675164937973 0.33151721954345703
15 0.28674885630607605 0.31513434648513794 0.35458189249038696 0.2970443367958069
17 0.10019267350435257 0.7811115384101868 0.12042135745286942 0.10521601885557175
17 0.0500231496989727 0.6517245173454285 0.1000462993979454 0.11344272643327713
17 0.03187892213463783 0.5207957029342651 0.06375784426927567 0.1111360639333725
17 0.4424924850463867 0.8535001873970032 0.13056164979934692 0.11704666912555695
17 0.6497838497161865 0.8187165260314941 0.11122031509876251 0.10837540030479431
17 0.7427965402603149 0.7550519704818726 0.11557164788246155 0.11633342504501343
17 0.8854709267616272 0.5949695110321045 0.12517358362674713 0.12365254014730453
17 0.794021487236023 0.47580960392951965 0.12024004012346268 0.1126122772693634
17 0.9029067158699036 0.41270309686660767 0.12758056819438934 0.12133539468050003
17 0.7451815009117126 0.3506268560886383 0.12034881114959717 0.11986476182937622
17 0.8395822644233704 0.26065149903297424 0.13249213993549347 0.11889876425266266
17 0.6235706210136414 0.1517786830663681 0.12212289124727249 0.11420784145593643
17 0.43769437074661255 0.12367823719978333 0.11000484973192215 0.10195239633321762
17 0.29286760091781616 0.11772055923938751 0.10335398465394974 0.10187970846891403
