15 0.4241069555282593 0.2803820073604584 0.23577997088432312 0.2814980149269104
15 0.28835999965667725 0.46961796283721924 0.3035709857940674 0.1594739854335785
15 0.5428239703178406 0.4140619933605194 0.3435850143432617 0.12177598476409912
15 0.18617698550224304 0.538070023059845 0.3465610146522522 0.11979198455810547
15 0.21230199933052063 0.6416170001029968 0.3148149847984314 0.07886898517608643
15 0.19279098510742188 0.7155259847640991 0.34193098545074463 0.0927579402923584
15 0.3903770446777344 0.8131200075149536 0.3435850441455841 0.1088789701461792
15 0.36177200078964233 0.9095979928970337 0.35515904426574707 0.11631894111633301
15 0.41501298546791077 0.6491820216178894 0.15674597024917603 0.25768792629241943
15 0.5810189843177795 0.7527279853820801 0.23875701427459717 0.22966301441192627
15 0.7506610155105591 0.850197970867157 0.29629600048065186 0.17261898517608643
15 0.6678239703178406 0.7116820216178894 0.3349870443344116 0.16939496994018555
15 0.7650460004806519 0.6351690292358398 0.3363100290298462 0.13045597076416016
15 0.7893519997596741 0.5634920001029968 0.35383594036102295 0.09920597076416016
15 0.7620700001716614 0.3358129858970642 0.12070095539093018 0.26736098527908325
15 0.868552029132843 0.33370500802993774 0.09755301475524902 0.2780259847640991
15 0.9565147161483765 0.4188989996910095 0.0869705080986023 0.2738100290298462
16 0.3530089855194092 0.37363600730895996 0.10218298435211182 0.09499001502990723
16 0.19064199924468994 0.430184006690979 0.11078000068664551 0.07217299938201904
16 0.4379960000514984 0.45448899269104004 0.10482800006866455 0.058283984661102295
16 0.06779100000858307 0.5246779918670654 0.11507900804281235 0.0776289701461792
16 0.10069400072097778 0.6292160153388977 0.135250985622406 0.07341301441192627
16 0.09424600005149841 0.7068449854850769 0.13095200061798096 0.06894803047180176
16 0.38095200061798096 0.740327000617981 0.06613802909851074 0.07986104488372803
16 0.27761200070381165 0.8023309707641602 0.11210298538208008 0.07440495491027832
16 0.23660700023174286 0.90625 0.09623000025749207 0.07341301441192627
16 0.4990079998970032 0.6873760223388672 0.10648098587989807 0.09697401523590088
16 0.5514219999313354 0.6669149994850159 0.07903397083282471 0.0625
16 0.8627650141716003 0.783482015132904 0.07738101482391357 0.05605196952819824
16 0.9037700295448303 0.6680309772491455 0.0846560001373291 0.0731649398803711
16 0.6817129850387573 0.5462549924850464 0.12070095539093018 0.08407700061798096
16 0.7685189843177795 0.43514400720596313 0.07341301441192627 0.07118099927902222
16 0.8634260296821594 0.452877014875412 0.05886197090148926 0.06795603036880493
16 0.9540339708328247 0.5187249779701233 0.0846560001373291 0.07217299938201904
17 0.5767199993133545 0.2841019928455353 0.09193098545074463 0.07118099927902222
17 0.5853170156478882 0.49714797735214233 0.08333301544189453 0.06572398543357849
