19 0.9424600005149841 0.660548985004425 0.11111104488372803 0.15443098545074463
19 0.828125 0.6092919707298279 0.1254960298538208 0.12070095539093018
19 0.7428079843521118 0.45998701453208923 0.12152796983718872 0.14814800024032593
19 0.5944939851760864 0.43270498514175415 0.10168695449829102 0.12797600030899048
16 0.8173359632492065 0.8797950148582458 0.16641896963119507 0.1835319995880127
16 0.6717510223388672 0.7655419707298279 0.12326401472091675 0.17261898517608643
16 0.5984619855880737 0.6003640294075012 0.13045597076416016 0.1557539701461792
16 0.5359619855880737 0.7468580007553101 0.11607098579406738 0.15046298503875732
16 0.36954402923583984 0.7549600005149841 0.10962295532226562 0.18121695518493652
16 0.2808780074119568 0.3964950144290924 0.1049109697341919 0.10251301527023315
16 0.07601702213287354 0.4851189851760864 0.11135900020599365 0.14285698533058167
16 0.3084080219268799 0.4818120002746582 0.10094201564788818 0.12169301509857178
16 0.13529300689697266 0.619047999382019 0.09350204467773438 0.11838603019714355
16 0.0815969705581665 0.8252310156822205 0.1289680004119873 0.15773797035217285
15 0.8707839846611023 0.7837299704551697 0.2544640302658081 0.4226189851760864
15 0.7528519630432129 0.6850200295448303 0.2998510003089905 0.3039020299911499
15 0.6741069555282593 0.5213289856910706 0.26736098527908325 0.3005949556827545
15 0.49404799938201904 0.5853170156478882 0.3169640302658081 0.4312169849872589
15 0.24032700061798096 0.6669970154762268 0.4255950450897217 0.4318779706954956
15 0.13479697704315186 0.4482470154762268 0.22098195552825928 0.18882301449775696
