16 0.3007190227508545 0.33498698472976685 0.09697401523590088 0.09060800075531006
16 0.31361597776412964 0.21858501434326172 0.0820930004119873 0.09920597076416016
16 0.33854198455810547 0.11789000034332275 0.07341301441192627 0.09358501434326172
15 0.39285701513290405 0.3831019997596741 0.3050600290298462 0.18419301509857178
15 0.41567498445510864 0.26670002937316895 0.27926599979400635 0.20998704433441162
15 0.44357597827911377 0.13359802961349487 0.3117560148239136 0.18254005908966064
17 0.8064240217208862 0.3716930150985718 0.08407700061798096 0.09788393974304199
17 0.7429319620132446 0.5542330145835876 0.07762901484966278 0.09788399934768677
17 0.5832090377807617 0.5758930444717407 0.06026798486709595 0.09490698575973511
17 0.45969700813293457 0.5793650150299072 0.07217299938201904 0.10780400037765503
17 0.3363100290298462 0.5707669854164124 0.07986104488372803 0.10780400037765503
17 0.203125 0.5866400003433228 0.08085298538208008 0.1164020299911499
17 0.2193700075149536 0.7612429857254028 0.07663702964782715 0.11243399977684021
17 0.3464779853820801 0.7490079998970032 0.08085298538208008 0.1051589846611023
17 0.4727180004119873 0.7453700304031372 0.07242098450660706 0.10648101568222046
17 0.5956100225448608 0.7533069849014282 0.07862097024917603 0.11044999957084656
17 0.7385909557342529 0.744047999382019 0.07986098527908325 0.1005290150642395
17 0.7369790077209473 0.912202000617981 0.0786210149526596 0.10615099221467972
17 0.5977180004119873 0.9186509847640991 0.08730196952819824 0.125
17 0.47755497694015503 0.9158400297164917 0.07118096947669983 0.11342599987983704
17 0.3545389771461487 0.9193120002746582 0.0776289701461792 0.10648100823163986
17 0.22371000051498413 0.9396489858627319 0.09375 0.10350500047206879
