15 0.2032870203256607 0.030121682211756706 0.4065740406513214 0.06024336442351341
15 0.010503342375159264 0.18206943571567535 0.021006684750318527 0.3641388714313507
15 0.05162464454770088 0.009035376831889153 0.10324928909540176 0.018070753663778305
15 0.07846694439649582 0.9062932729721069 0.15693388879299164 0.18741340935230255
15 0.009093041531741619 0.9168601036071777 0.018186083063483238 0.1662798374891281
15 0.8094251155853271 0.6025137305259705 0.3811497986316681 0.5494577288627625
15 0.8059148788452148 0.3789292871952057 0.3881703019142151 0.537636935710907
15 0.7701095938682556 0.22435486316680908 0.3068126142024994 0.4149136543273926
15 0.45305460691452026 0.2585853040218353 0.4613356590270996 0.5171706080436707
16 0.1629287600517273 0.6158066391944885 0.3258575201034546 0.5018634796142578
16 0.45411399006843567 0.7845579385757446 0.4495374858379364 0.43088415265083313
16 0.4884372651576996 0.8319732546806335 0.4498189687728882 0.3360534906387329
16 0.3765276372432709 0.9180545210838318 0.41151008009910583 0.16389092803001404
16 0.13622325658798218 0.8440142273902893 0.27244651317596436 0.31197160482406616
16 0.6645359992980957 0.3404480218887329 0.17460669577121735 0.22169238328933716
16 0.6828737854957581 0.18518175184726715 0.18927150964736938 0.23562125861644745
16 0.3290281593799591 0.42500534653663635 0.17135877907276154 0.21311666071414948
17 0.05449193716049194 0.5279569625854492 0.10898387432098389 0.21139904856681824
17 0.08212267607450485 0.7866334915161133 0.1642453521490097 0.22082042694091797
