16 0.4788359999656677 0.10354699194431305 0.2175929844379425 0.13616099953651428
16 0.4813159704208374 0.281497985124588 0.18683898448944092 0.11111098527908325
16 0.5378640294075012 0.16629500687122345 0.1438489854335785 0.09994999319314957
16 0.5853170156478882 0.24404799938201904 0.08730202913284302 0.0744050145149231
16 0.5373679995536804 0.32651299238204956 0.13227498531341553 0.0776289701461792
16 0.5661380290985107 0.37276801466941833 0.10648101568222046 0.07291698455810547
16 0.59375 0.38839301466941833 0.08961600065231323 0.07043701410293579
16 0.47966301441192627 0.4716019928455353 0.1663360297679901 0.10243099927902222
16 0.5753970146179199 0.5751489996910095 0.09920597076416016 0.03769803047180176
16 0.42708301544189453 0.6455850005149841 0.263558030128479 0.10168695449829102
16 0.4305559992790222 0.8350690007209778 0.23677197098731995 0.10962295532226562
16 0.4990079998970032 0.7760419845581055 0.16005301475524902 0.08730196952819824
16 0.5357140302658081 0.7410709857940674 0.13955003023147583 0.07043695449829102
16 0.5646489858627319 0.6991569995880127 0.11408698558807373 0.06498003005981445
