17 0.32488417625427246 0.00746127450838685 0.0887332633137703 0.0149225490167737
17 0.020797990262508392 0.7926087379455566 0.041595980525016785 0.36974379420280457
17 0.8755452632904053 0.4030897319316864 0.07181274890899658 0.08183269202709198
17 0.7079287171363831 0.30942025780677795 0.0766439437866211 0.08111508190631866
17 0.6601614952087402 0.07692309468984604 0.07659052312374115 0.09774256497621536
17 0.6332889795303345 0.2004118114709854 0.0736372172832489 0.08587148040533066
17 0.6062780618667603 0.31838417053222656 0.09383124113082886 0.08932085335254669
17 0.5134843587875366 0.1865658462047577 0.07499518245458603 0.09372616559267044
17 0.36791783571243286 0.27905333042144775 0.0764065608382225 0.08495336025953293
17 0.2929219901561737 0.17606909573078156 0.07776081562042236 0.08627238869667053
17 0.34504464268684387 0.08207192271947861 0.0887332633137703 0.09892342984676361
17 0.7955155968666077 0.6139184236526489 0.06814727187156677 0.08147622644901276
17 0.7394343018531799 0.7348710894584656 0.0750235989689827 0.08867926895618439
15 0.8757979273796082 0.7885751128196716 0.08484229445457458 0.10507936775684357
15 0.7511300444602966 0.875958263874054 0.08187001198530197 0.07746470719575882
15 0.5403474569320679 0.46456244587898254 0.20021827518939972 0.3307490348815918
15 0.5182697772979736 0.586816668510437 0.20549778640270233 0.31047117710113525
16 0.3392491042613983 0.44403183460235596 0.24787059426307678 0.3119189143180847
16 0.2858605682849884 0.7564033269882202 0.25606581568717957 0.36974379420280457
16 0.6078969240188599 0.5682708621025085 0.07107572257518768 0.1049288809299469
16 0.5834161639213562 0.685383141040802 0.0830417051911354 0.10638995468616486
