15 0.17410701513290405 0.7833989858627319 0.26091301441192627 0.1250000149011612
15 0.17472699284553528 0.6792330145835876 0.2576879858970642 0.13492101430892944
15 0.16877500712871552 0.5677909851074219 0.2651289999485016 0.14219596982002258
15 0.16927100718021393 0.4621359705924988 0.2621529996395111 0.12070098519325256
15 0.16989099979400635 0.3500329852104187 0.26091301441192627 0.13789701461791992
15 0.4415919780731201 0.8776460289955139 0.256695955991745 0.12632298469543457
15 0.414559006690979 0.7647160291671753 0.2502479553222656 0.11078000068664551
15 0.41567501425743103 0.6641870141029358 0.26736098527908325 0.10813498497009277
15 0.422122985124588 0.5512570142745972 0.2524799704551697 0.12632298469543457
15 0.4150550067424774 0.4464290142059326 0.25123995542526245 0.11507901549339294
15 0.41244998574256897 0.339946985244751 0.2524799704551697 0.10648095607757568
15 0.41617101430892944 0.23710298538208008 0.25545597076416016 0.12235403060913086
15 0.6999009847640991 0.8956680297851562 0.27926599979400635 0.14252600073814392
15 0.7030010223388672 0.7792659997940063 0.2686009407043457 0.11342598497867584
15 0.6863840222358704 0.6626980304718018 0.26314496994018555 0.12235397100448608
15 0.685267984867096 0.5433200001716614 0.2653770446777344 0.1164020299911499
15 0.6798120141029358 0.4290670156478882 0.28025805950164795 0.09490704536437988
15 0.6706349849700928 0.3313490152359009 0.25545597076416016 0.09193098545074463
15 0.6770830154418945 0.22073400020599365 0.2663689851760864 0.11210298538208008
15 0.71875 0.1056550145149231 0.23511898517608643 0.12665295600891113
16 0.09424600005149841 0.7885249853134155 0.1056550070643425 0.08366398513317108
16 0.08792199939489365 0.6856809854507446 0.08854199945926666 0.08763200044631958
16 0.08308500051498413 0.5656419992446899 0.08730199933052063 0.08035701513290405
16 0.09437000751495361 0.4657739996910095 0.10342300683259964 0.0902780294418335
16 0.09164199978113174 0.3607800006866455 0.09796600043773651 0.08796298503875732
16 0.33804601430892944 0.23429197072982788 0.1056550145149231 0.08763206005096436
16 0.33320900797843933 0.3306879997253418 0.0895339846611023 0.0846560001373291
16 0.33048099279403687 0.44064199924468994 0.09052598476409912 0.10085999965667725
16 0.32986098527908325 0.5505949854850769 0.0744050145149231 0.0965610146522522
16 0.34226199984550476 0.666996955871582 0.08630996942520142 0.09325402975082397
16 0.33854201436042786 0.7799270153045654 0.07886898517608643 0.09226199984550476
16 0.36123499274253845 0.8840939998626709 0.08754998445510864 0.09358500689268112
16 0.6042910218238831 0.8733469843864441 0.09052598476409912 0.08928599953651428
16 0.6049110293388367 0.7799270153045654 0.07638895511627197 0.0863099992275238
16 0.5936260223388672 0.6785709857940674 0.07961297035217285 0.10185199975967407
16 0.5962299704551697 0.5441470146179199 0.09176599979400635 0.09226202964782715
16 0.5899059772491455 0.43204402923583984 0.09598195552825928 0.07175898551940918
16 0.5806049704551697 0.32986098527908325 0.07539701461791992 0.06911396980285645
16 0.584945023059845 0.21494698524475098 0.08854198455810547 0.0806879997253418
