17 0.4199739992618561 0.15315000712871552 0.11507898569107056 0.08308500051498413
17 0.7405750155448914 0.15364600718021393 0.09226202964782715 0.0820930004119873
17 0.5866400003433228 0.225942000746727 0.11507904529571533 0.08184501528739929
17 0.7442129850387573 0.2932789921760559 0.1220240592956543 0.09151798486709595
17 0.42063501477241516 0.30245500802993774 0.11375701427459717 0.07961297035217285
17 0.5808529853820801 0.36445900797843933 0.11210298538208008 0.07862097024917603
17 0.2647159993648529 0.3746280074119568 0.1266530156135559 0.0776289701461792
17 0.433696985244751 0.43886399269104004 0.11078000068664551 0.07018798589706421
17 0.5924270153045654 0.49764400720596313 0.12070095539093018 0.0820930004119873
17 0.7455360293388367 0.43241599202156067 0.1193779706954956 0.0895339846611023
17 0.270999014377594 0.5121530294418335 0.1193779855966568 0.07638898491859436
17 0.4444440007209778 0.5796129703521729 0.1005290150642395 0.07341301441192627
17 0.614749014377594 0.6388890147209167 0.11904799938201904 0.08829402923583984
17 0.7620700001716614 0.5634920001029968 0.10945796966552734 0.07986104488372803
17 0.2754630148410797 0.6707590222358704 0.11044998466968536 0.07217299938201904
17 0.4414680004119873 0.7160220146179199 0.11507898569107056 0.09176599979400635
17 0.7743059992790222 0.7057290077209473 0.11078000068664551 0.07961297035217285
17 0.6089619994163513 0.772072970867157 0.1193779706954956 0.0892859697341919
17 0.4601520299911499 0.8567709922790527 0.10615101456642151 0.0776289701461792
17 0.7691799998283386 0.8427579998970032 0.12367701530456543 0.08631002902984619
