15 0.8453620076179504 0.5615079998970032 0.11433500051498413 0.3379629850387573
15 0.7265620231628418 0.6894840002059937 0.12723201513290405 0.3035709857940674
15 0.6355409622192383 0.8156417608261108 0.09598201513290405 0.3687164783477783
15 0.5675840377807617 0.8710317611694336 0.07217299938201904 0.2579364776611328
15 0.49317997694015503 0.8645830154418945 0.06572401523590088 0.27083301544189453
15 0.6803080439567566 0.24801599979400635 0.18997998535633087 0.28902101516723633
15 0.5358380079269409 0.14963600039482117 0.0820930004119873 0.2787700295448303
15 0.5195930004119873 0.371692955493927 0.18551599979400635 0.283068984746933
15 0.41071397066116333 0.11011900007724762 0.09275805950164795 0.21428599953651428
15 0.3007190227508545 0.2250330001115799 0.08407700061798096 0.3521830141544342
15 0.2269350290298462 0.44510602951049805 0.15426599979400635 0.3697090446949005
16 0.8695440292358398 0.6765869855880737 0.06349200010299683 0.09656095504760742
16 0.7632690072059631 0.8187829852104187 0.058283984661102295 0.09060800075531006
16 0.6656750440597534 0.941798985004425 0.050594985485076904 0.06613802909851074
16 0.59238600730896 0.9760249853134155 0.05282700061798096 0.047950029373168945
16 0.6123510003089905 0.12433899939060211 0.06051599979400635 0.08201100677251816
16 0.4495289921760559 0.2589290142059326 0.06026804447174072 0.0806879997253418
16 0.29055100679397583 0.09639599919319153 0.07018804550170898 0.10350500792264938
17 0.39285701513290405 0.28554901480674744 0.06150805950164795 0.07903401553630829
17 0.4231150150299072 0.44576698541641235 0.07242095470428467 0.09193098545074463
17 0.4387400150299072 0.5750659704208374 0.0669640302658081 0.07473504543304443
17 0.5368300080299377 0.6154099702835083 0.07118099927902222 0.08333301544189453
17 0.5471229553222656 0.7448740005493164 0.0744050145149231 0.0836639404296875
17 0.43613600730895996 0.7377650141716003 0.06572401523590088 0.10912704467773438
17 0.3244050145149231 0.7519840002059937 0.08631002902984619 0.10912704467773438
17 0.3356890082359314 0.5851519703865051 0.09598195552825928 0.11210298538208008
17 0.31101202964782715 0.4249339997768402 0.06993997097015381 0.10185199975967407
16 0.1793149709701538 0.3544969856739044 0.0615079402923584 0.13095200061798096
