15 0.8743553161621094 0.03870069980621338 0.25128939747810364 0.07740139961242676
15 0.8058391213417053 0.015695976093411446 0.2755807936191559 0.03139195218682289
15 0.02308201603591442 0.18061082065105438 0.04616403207182884 0.36122164130210876
15 0.3516938090324402 0.44959256052970886 0.2807924449443817 0.6095253825187683
15 0.5149169564247131 0.3871438503265381 0.2725326418876648 0.6269382238388062
15 0.7740377187728882 0.4732426702976227 0.361047625541687 0.764613151550293
16 0.8897655010223389 0.6287404298782349 0.22046904265880585 0.6261863708496094
16 0.2650150656700134 0.25648272037506104 0.4182375967502594 0.5129654407501221
16 0.6732702851295471 0.3767748475074768 0.2755807936191559 0.6386198997497559
16 0.10672718286514282 0.3520066440105438 0.13713614642620087 0.20018136501312256
16 0.29879671335220337 0.6255969405174255 0.17499840259552002 0.2339475303888321
16 0.46769389510154724 0.6239176392555237 0.1325920671224594 0.18940219283103943
16 0.6141225695610046 0.6193897128105164 0.11213160306215286 0.16724956035614014
