15 0.813273549079895 0.0024390334729105234 0.27916350960731506 0.004878066945821047
15 0.015531787648797035 0.23071135580539703 0.03106357529759407 0.2689298391342163
15 0.03723083809018135 0.18094411492347717 0.0744616761803627 0.25047948956489563
15 0.013993212021887302 0.05811883136630058 0.027986424043774605 0.11623766273260117
15 0.056620050221681595 0.08173468708992004 0.11324010044336319 0.1634693741798401
15 0.09022526443004608 0.13655415177345276 0.14651040732860565 0.2731083035469055
15 0.013317630626261234 0.32376646995544434 0.02663526125252247 0.1021038219332695
15 0.017160648480057716 0.1212775930762291 0.03432129696011543 0.08557046204805374
15 0.06247739493846893 0.21992766857147217 0.0928308442234993 0.10125745087862015
15 0.6696403622627258 0.3080061674118042 0.27916350960731506 0.3506917953491211
15 0.740382194519043 0.533092737197876 0.30744224786758423 0.27834582328796387
15 0.5311429500579834 0.36643022298812866 0.33292651176452637 0.26493313908576965
15 0.8125857710838318 0.6393896341323853 0.3350318372249603 0.2646350562572479
15 0.7631205320358276 0.7154974937438965 0.2966706454753876 0.21483899652957916
15 0.7613240480422974 0.7877048254013062 0.32404130697250366 0.23939821124076843
15 0.5628072023391724 0.778374969959259 0.32962310314178467 0.2539287209510803
15 0.5632163286209106 0.870625376701355 0.3416930139064789 0.25874918699264526
16 0.5831628441810608 0.6269481778144836 0.20365746319293976 0.2933350205421448
16 0.41085490584373474 0.6374974846839905 0.2685009837150574 0.3078586161136627
16 0.2369101494550705 0.6411582827568054 0.3044203221797943 0.28615227341651917
16 0.3451365530490875 0.5617921352386475 0.33757284283638 0.30153462290763855
16 0.2793544828891754 0.4509422481060028 0.32876092195510864 0.2689298391342163
16 0.27636826038360596 0.3783921003341675 0.3361477851867676 0.25047948956489563
16 0.3586445450782776 0.19691035151481628 0.17448051273822784 0.28469544649124146
16 0.26567238569259644 0.1452069729566574 0.15688380599021912 0.28294670581817627
16 0.16660241782665253 0.1766737401485443 0.14651040732860565 0.27438974380493164
16 0.7081924080848694 0.42089682817459106 0.11406728625297546 0.12894049286842346
16 0.8362983465194702 0.5452428460121155 0.11577283591032028 0.1135009378194809
16 0.612847626209259 0.45005425810813904 0.10698830336332321 0.09886056929826736
16 0.9199820756912231 0.6834465265274048 0.12094566971063614 0.12017105519771576
16 0.864310622215271 0.7572234272956848 0.1375807672739029 0.12602774798870087
16 0.850089430809021 0.8264825940132141 0.13266177475452423 0.12020318955183029
16 0.5897293090820312 0.7206813097000122 0.07853763550519943 0.0991385206580162
16 0.6646005511283875 0.822018563747406 0.11750636249780655 0.1160254031419754
17 0.6739932894706726 0.9299055933952332 0.1033126711845398 0.10773984342813492
17 0.49961578845977783 0.6201716065406799 0.11834992468357086 0.13264766335487366
