15 0.5138890147209167 0.9417160153388977 0.6527780294418335 0.11607098579406738
15 0.4727180004119873 0.7560759782791138 0.7734789848327637 0.18179601430892944
15 0.4766870141029358 0.5832090377807617 0.7701719999313354 0.16889899969100952
15 0.47751301527023315 0.3908730149269104 0.7552909851074219 0.18551599979400635
15 0.5112429857254028 0.20957297086715698 0.6130950450897217 0.1607140302658081
16 0.7886899709701538 0.6577379703521729 0.09060800075531006 0.08085298538208008
16 0.7913359999656677 0.8309770226478577 0.09589898586273193 0.06721198558807373
16 0.777446985244751 0.867311954498291 0.08730199933052063 0.04563504457473755
16 0.766700029373169 0.888888955116272 0.08101898431777954 0.029761970043182373
16 0.7746360301971436 0.7109379768371582 0.09292298555374146 0.06076401472091675
16 0.7880290150642395 0.4969000220298767 0.08134898543357849 0.0776289701461792
16 0.7719910144805908 0.4368799924850464 0.06382301449775696 0.06324398517608643
16 0.7822420001029968 0.3204370141029358 0.08432501554489136 0.036705970764160156
16 0.7652119994163513 0.2967510223388672 0.07142901420593262 0.02802598476409912
16 0.7490079998970032 0.2683529853820801 0.06283098459243774 0.04166698455810547
16 0.7964619994163513 0.9668899774551392 0.08961600065231323 0.0657239556312561
16 0.8057209849357605 0.771204948425293 0.14186498522758484 0.11433500051498413
16 0.8002650141716003 0.5860620141029358 0.12698398530483246 0.10416698455810547
16 0.7981150150299072 0.3756200075149536 0.12268498539924622 0.10391902923583984
16 0.766700029373169 0.1868799924850464 0.09358501434326172 0.09747004508972168
