17 0.6064355969429016 0.603316068649292 0.057096388190984726 0.049426574259996414
17 0.6578407287597656 0.5452044606208801 0.05636024847626686 0.047286488115787506
17 0.7090436816215515 0.4770507216453552 0.054069217294454575 0.045836191624403
17 0.5620092749595642 0.5818606615066528 0.06007886305451393 0.05218672379851341
17 0.6120174527168274 0.5230629444122314 0.05774790421128273 0.049262382090091705
17 0.6580609083175659 0.46211057901382446 0.056245461106300354 0.04949267953634262
17 0.7109951376914978 0.40779638290405273 0.059134893119335175 0.05123748257756233
17 0.5219606161117554 0.5593130588531494 0.05322238430380821 0.04525772109627724
17 0.5711528658866882 0.5027526021003723 0.05580177158117294 0.04846604913473129
17 0.6170267462730408 0.4431368112564087 0.0535680428147316 0.04591255635023117
17 0.6700623631477356 0.3896837830543518 0.05675077810883522 0.04877176508307457
17 0.4842588007450104 0.5391389727592468 0.05322243273258209 0.045257747173309326
17 0.5340367555618286 0.4779954254627228 0.05322243273258209 0.045257747173309326
17 0.5833227634429932 0.4190448522567749 0.05322243273258209 0.045257747173309326
17 0.6366026401519775 0.36368200182914734 0.05322243273258209 0.045257747173309326
17 0.5970043540000916 0.3417622745037079 0.05322243273258209 0.045257747173309326
17 0.5387120246887207 0.4031813144683838 0.05322243273258209 0.045257747173309326
17 0.48912936449050903 0.4627971351146698 0.05322238802909851 0.04525769501924515
17 0.43492311239242554 0.5254154205322266 0.05322243273258209 0.045257747173309326
