17 0.7857140302658081 0.7250329852104187 0.05357098579406738 0.07043695449829102
17 0.6408729553222656 0.6231809854507446 0.04861098527908325 0.058531999588012695
15 0.6288440227508545 0.5788689851760864 0.08258897066116333 0.3244049847126007
15 0.5504710078239441 0.5881279706954956 0.0825890302658081 0.3402780294418335
15 0.476065993309021 0.5916010141372681 0.08060503005981445 0.3306879997253418
15 0.39322900772094727 0.5927579998970032 0.07663702964782715 0.3244050443172455
15 0.3441219925880432 0.6279760003089905 0.09201395511627197 0.3756610155105591
15 0.235243022441864 0.5815150141716003 0.0825890302658081 0.33829402923583984
16 0.6324399709701538 0.45783698558807373 0.051091015338897705 0.08631002902984619
16 0.5832090377807617 0.44179901480674744 0.03745001554489136 0.07341301441192627
16 0.5515869855880737 0.4540340006351471 0.036705970764160156 0.07473498582839966
16 0.5436509847640991 0.4209659993648529 0.03670603036880493 0.04497402906417847
16 0.5280259847640991 0.4039349853992462 0.03125 0.04464298486709595
16 0.47966301441192627 0.45254600048065186 0.054563045501708984 0.07374298572540283
16 0.4773070216178894 0.41666701436042786 0.038442015647888184 0.05555599927902222
16 0.44283199310302734 0.39864400029182434 0.04489099979400635 0.07705003023147583
16 0.39322900772094727 0.44973498582839966 0.0478670597076416 0.08333301544189453
16 0.38132399320602417 0.39914000034332275 0.03993093967437744 0.0648149847984314
16 0.358879029750824 0.4274140000343323 0.04464304447174072 0.04464298486709595
16 0.3348209857940674 0.4636240005493164 0.0654759407043457 0.07671999931335449
16 0.33878999948501587 0.4130289852619171 0.04811501502990723 0.04365098476409912
16 0.30567997694015503 0.44394800066947937 0.042410969734191895 0.06316101551055908
16 0.28683000802993774 0.43270498514175415 0.0463789701461792 0.06845200061798096
16 0.2688490152359009 0.4108799993991852 0.05357098579406738 0.06316101551055908
16 0.22929102182388306 0.447750985622406 0.05927598476409912 0.07671999931335449
