15 0.7060189843177795 0.5806049704551697 0.25595200061798096 0.5629960298538208
15 0.28769800066947937 0.5531989932060242 0.2215610146522522 0.5121530294418335
15 0.4904100000858307 0.5515869855880737 0.1898149847984314 0.5218250751495361
15 0.11441799998283386 0.5406749844551086 0.21428599953651428 0.48958301544189453
16 0.09854499995708466 0.36495500802993774 0.13095200061798096 0.11433500051498413
16 0.28042298555374146 0.367684006690979 0.12367701530456543 0.11979198455810547
16 0.4880949854850769 0.3714039921760559 0.1164020299911499 0.13368099927902222
16 0.7094910144805908 0.35367101430892944 0.1279759407043457 0.12202399969100952
16 0.6355819702148438 0.3509419858455658 0.07738101482391357 0.07986098527908325
16 0.5694440007209778 0.35689499974250793 0.07473504543304443 0.06795603036880493
16 0.39401501417160034 0.367684006690979 0.08631002902984619 0.10689496994018555
16 0.19642899930477142 0.36445900797843933 0.07605800032615662 0.0895339846611023
16 0.03323400020599365 0.3602429926395416 0.06051599979400635 0.10243099927902222
