16 0.5608469843864441 0.7565720081329346 0.20899498462677002 0.14558500051498413
16 0.47701698541641235 0.6476930379867554 0.171627014875412 0.09598201513290405
16 0.41666701436042786 0.6056550145149231 0.15145498514175415 0.07440507411956787
16 0.3864090144634247 0.568452000617981 0.15046298503875732 0.08333301544189453
16 0.35433200001716614 0.5248019695281982 0.13326698541641235 0.07291698455810547
16 0.5 0.509300947189331 0.1812169849872589 0.0895339846611023
16 0.4391529858112335 0.4649059772491455 0.14748698472976685 0.08556497097015381
16 0.38260599970817566 0.4523810148239136 0.11507898569107056 0.07192504405975342
16 0.3612760007381439 0.4300600290298462 0.12136203050613403 0.06101202964782715
16 0.5378640294075012 0.3675600290298462 0.16964301466941833 0.09920597076416016
16 0.45089301466941833 0.3356890082359314 0.12136203050613403 0.08953404426574707
16 0.3964950144290924 0.3425099849700928 0.08928602933883667 0.08234095573425293
16 0.3682210147380829 0.32130497694015503 0.09490698575973511 0.05927598476409912
16 0.3874010145664215 0.22495001554489136 0.135250985622406 0.07440495491027832
15 0.7255290150642395 0.7524800300598145 0.5429890155792236 0.18700402975082397
15 0.7056879997253418 0.53125 0.5886240005493164 0.1512899398803711
15 0.7339617609977722 0.39570897817611694 0.5320764780044556 0.16641902923583984
