15 0.9417160153388977 0.48611098527908325 0.11607098579406738 0.6527780294418335
15 0.7560759782791138 0.5272819995880127 0.18179601430892944 0.7734789848327637
15 0.5832090377807617 0.5233129858970642 0.16889899969100952 0.7701719999313354
15 0.3908730149269104 0.5224869847297668 0.18551599979400635 0.7552909851074219
15 0.20957297086715698 0.48875701427459717 0.1607140302658081 0.6130950450897217
16 0.6577379703521729 0.2113099992275238 0.08085298538208008 0.09060800075531006
16 0.8309770226478577 0.20866400003433228 0.06721198558807373 0.09589898586273193
16 0.867311954498291 0.22255299985408783 0.04563504457473755 0.08730199933052063
16 0.888888955116272 0.23330000042915344 0.029761970043182373 0.08101898431777954
16 0.7109379768371582 0.22536399960517883 0.06076401472091675 0.09292298555374146
16 0.4969000220298767 0.2119709998369217 0.0776289701461792 0.08134898543357849
16 0.4368799924850464 0.22800900042057037 0.06324398517608643 0.06382301449775696
16 0.3204370141029358 0.21775799989700317 0.036705970764160156 0.08432501554489136
16 0.2967510223388672 0.23478800058364868 0.02802598476409912 0.07142901420593262
16 0.2683529853820801 0.2509920001029968 0.04166698455810547 0.06283098459243774
16 0.9668899774551392 0.20353800058364868 0.0657239556312561 0.08961600065231323
16 0.771204948425293 0.1942790001630783 0.11433500051498413 0.14186498522758484
16 0.5860620141029358 0.19973498582839966 0.10416698455810547 0.12698398530483246
16 0.3756200075149536 0.20188499987125397 0.10391902923583984 0.12268498539924622
16 0.1868799924850464 0.23330000042915344 0.09747004508972168 0.09358501434326172
