15 0.037935059517621994 0.17285442352294922 0.07587011903524399 0.34570884704589844
15 0.005077351350337267 0.0014548894250765443 0.010154702700674534 0.0029097788501530886
15 0.03952968120574951 0.038318634033203125 0.07905936241149902 0.07663726806640625
15 0.617292582988739 0.6241364479064941 0.3407462239265442 0.7517271041870117
15 0.3823222815990448 0.5095261931419373 0.3272981345653534 0.7362127304077148
15 0.5121541619300842 0.42487823963165283 0.21606071293354034 0.5180957317352295
15 0.5729826092720032 0.5327740907669067 0.28558698296546936 0.6465678811073303
16 0.18581712245941162 0.1983247548341751 0.18539786338806152 0.39071863889694214
16 0.09479066729545593 0.1992810070514679 0.18958133459091187 0.3985620141029358
16 0.3541301190853119 0.29365968704223633 0.19743943214416504 0.42668062448501587
16 0.6833402514457703 0.38529732823371887 0.1544218361377716 0.2551577687263489
16 0.6256431341171265 0.32788392901420593 0.12340846657752991 0.21186575293540955
16 0.6604649424552917 0.23138096928596497 0.06778084486722946 0.07675517350435257
16 0.5540913343429565 0.25605010986328125 0.08714205771684647 0.15779678523540497
16 0.5167230367660522 0.2185385674238205 0.0650617927312851 0.14634284377098083
16 0.471684068441391 0.18905237317085266 0.07039602845907211 0.07588662952184677
16 0.4312170445919037 0.2595580518245697 0.1214902400970459 0.2091880738735199
16 0.4597907066345215 0.15026919543743134 0.054768361151218414 0.06891995668411255
16 0.37092268466949463 0.16350232064723969 0.07682185620069504 0.1431756317615509
16 0.40418362617492676 0.14038562774658203 0.05439900606870651 0.1009003221988678
16 0.2637796401977539 0.07759663462638855 0.0647265836596489 0.10778464376926422
15 0.19452103972434998 0.06440772116184235 0.06968013942241669 0.11663631349802017
