15 0.775297999382019 0.5095900297164917 0.10962295532226562 0.38624298572540283
15 0.6848959922790527 0.5795300006866455 0.1128469705581665 0.47056901454925537
15 0.5783729553222656 0.5505949854850769 0.1096230149269104 0.44907402992248535
15 0.48673099279403687 0.5767199993133545 0.11681497097015381 0.4715609848499298
15 0.35726702213287354 0.5138890147209167 0.09598195552825928 0.39021196961402893
15 0.27963799238204956 0.4614750146865845 0.0786210298538208 0.3244049847126007
16 0.7876980304718018 0.36276501417160034 0.06547600030899048 0.09060800075531006
16 0.7008930444717407 0.39236098527908325 0.0744050145149231 0.11739397048950195
16 0.6748510003089905 0.3516870141029358 0.05605196952819824 0.06845200061798096
16 0.6620780229568481 0.32242101430892944 0.04141896963119507 0.052249014377593994
16 0.6252479553222656 0.32291701436042786 0.05257898569107056 0.05786997079849243
16 0.5792410373687744 0.3670629858970642 0.0662199854850769 0.09060800075531006
16 0.5575399994850159 0.32126298546791077 0.039187073707580566 0.04398101568222046
16 0.540922999382019 0.31216898560523987 0.024801969528198242 0.0403439998626709
16 0.4875990152359009 0.3154760003089905 0.04166698455810547 0.046957969665527344
16 0.48598700761795044 0.3649140000343323 0.07514894008636475 0.09490698575973511
16 0.453620970249176 0.33730199933052063 0.04414701461791992 0.06283098459243774
16 0.4365079998970032 0.3052250146865845 0.036705970764160156 0.03505301475524902
16 0.41245001554489136 0.3288689851760864 0.04811501502990723 0.07572799921035767
16 0.36445897817611694 0.3272159993648529 0.05282700061798096 0.042658984661102295
16 0.34883397817611694 0.35598498582839966 0.051834940910339355 0.07903397083282471
16 0.2688490152359009 0.33945098519325256 0.05208301544189453 0.0823410153388977
