15 0.9957581162452698 0.002557472325861454 0.008483761921525002 0.005114944651722908
15 0.05151849985122681 0.29798582196235657 0.10303699970245361 0.5344588756561279
15 0.003080297028645873 0.26958149671554565 0.006160594057291746 0.5391629934310913
15 0.04686516895890236 0.17177297174930573 0.09373033791780472 0.22379383444786072
15 0.013058183714747429 0.07325385510921478 0.026116367429494858 0.14415769279003143
15 0.15183979272842407 0.38653993606567383 0.2607897222042084 0.5344588756561279
15 0.24294142425060272 0.4464442729949951 0.2637913227081299 0.5498151779174805
15 0.31046274304389954 0.4254753887653351 0.2143493890762329 0.47288209199905396
15 0.4037431478500366 0.45650815963745117 0.20048461854457855 0.44644463062286377
15 0.4878477156162262 0.5179752111434937 0.2047424465417862 0.45915767550468445
16 0.580367922782898 0.5328518748283386 0.18500754237174988 0.4363482892513275
16 0.6872787475585938 0.640198826789856 0.21920213103294373 0.48643290996551514
16 0.8600538372993469 0.6346607208251953 0.20497584342956543 0.42418205738067627
16 0.7748739123344421 0.5590334534645081 0.15568101406097412 0.3979185223579407
16 0.6534543633460999 0.4515089690685272 0.13312745094299316 0.3272002637386322
16 0.17027002573013306 0.24124710261821747 0.12809564173221588 0.22379383444786072
16 0.26757749915122986 0.2805463373661041 0.1076381579041481 0.19382695853710175
16 0.25431135296821594 0.2076399028301239 0.08749590814113617 0.14415769279003143
16 0.3393228352069855 0.2731418013572693 0.09158126264810562 0.15950584411621094
16 0.38551709055900574 0.2606419026851654 0.0752965658903122 0.14520177245140076
16 0.4278688430786133 0.2383529394865036 0.0583612322807312 0.1044621542096138
16 0.43017148971557617 0.30476677417755127 0.07843071967363358 0.15191896259784698
16 0.467975378036499 0.26964929699897766 0.06447790563106537 0.10367704927921295
16 0.49473491311073303 0.31461408734321594 0.07010901719331741 0.12849293649196625
16 0.5309131145477295 0.2776184380054474 0.05966221168637276 0.09286405146121979
16 0.520115077495575 0.37055420875549316 0.09324665367603302 0.16549716889858246
16 0.5793039202690125 0.3456466495990753 0.06574010103940964 0.12905427813529968
16 0.6015017628669739 0.3022802472114563 0.056140344589948654 0.082147516310215
16 0.6217179298400879 0.40641656517982483 0.08216272294521332 0.16274012625217438
16 0.6761225461959839 0.3549361228942871 0.06557508558034897 0.11999578028917313
