17 0.8754960298538208 0.211557999253273 0.21726197004318237 0.15873000025749207
17 0.5291010141372681 0.20610100030899048 0.222883939743042 0.15426599979400635
17 0.17179197072982788 0.19692499935626984 0.21858501434326172 0.1790669858455658
17 0.8553240299224854 0.5069440007209778 0.21130996942520142 0.1607140302658081
17 0.4909060001373291 0.4913190007209778 0.21593904495239258 0.1488100290298462
17 0.12070101499557495 0.4526289999485016 0.2056879997253418 0.14880996942520142
17 0.13227498531341553 0.7523559927940369 0.24007904529571533 0.18774795532226562
17 0.458499014377594 0.7459080219268799 0.22850501537322998 0.1768350601196289
17 0.8202710151672363 0.7777780294418335 0.21858501434326172 0.16716301441192627
17 0.12863802909851074 0.9575889706611633 0.22156095504760742 0.08482098579406738
17 0.4527119994163513 0.9564729928970337 0.24007904529571533 0.08705401420593262
