16 0.33498698472976685 0.6992809772491455 0.09060800075531006 0.09697401523590088
16 0.21858501434326172 0.6863840222358704 0.09920597076416016 0.0820930004119873
16 0.11789000034332275 0.6614580154418945 0.09358501434326172 0.07341301441192627
15 0.3831019997596741 0.607142984867096 0.18419301509857178 0.3050600290298462
15 0.26670002937316895 0.5843250155448914 0.20998704433441162 0.27926599979400635
15 0.13359802961349487 0.5564240217208862 0.18254005908966064 0.3117560148239136
17 0.3716930150985718 0.19357599318027496 0.09788393974304199 0.08407700061798096
17 0.5542330145835876 0.257068008184433 0.09788405895233154 0.07762901484966278
17 0.5758930444717407 0.41679099202156067 0.09490698575973511 0.06026798486709595
17 0.5793650150299072 0.5403029918670654 0.10780400037765503 0.07217299938201904
17 0.5707669854164124 0.6636899709701538 0.10780394077301025 0.07986104488372803
17 0.5866400003433228 0.796875 0.1164020299911499 0.08085298538208008
17 0.7612429857254028 0.7806299924850464 0.11243396997451782 0.07663702964782715
17 0.7490079998970032 0.6535220146179199 0.10515892505645752 0.08085298538208008
17 0.7453700304031372 0.5272819995880127 0.10648101568222046 0.07242098450660706
17 0.7533069849014282 0.40439000725746155 0.11045002937316895 0.07862097024917603
17 0.744047999382019 0.2614090144634247 0.10052895545959473 0.07986098527908325
17 0.912202000617981 0.26302099227905273 0.10615098476409912 0.0786210149526596
17 0.9186509847640991 0.4022819995880127 0.125 0.08730196952819824
17 0.9158400297164917 0.522445023059845 0.11342602968215942 0.07118096947669983
17 0.9193120002746582 0.6454610228538513 0.10648101568222046 0.0776289701461792
17 0.9396489858627319 0.7762899994850159 0.10350501537322998 0.09375
