17 0.42373502254486084 0.037533000111579895 0.051835060119628906 0.07175900042057037
17 0.5401790142059326 0.23660700023174286 0.06894803047180176 0.09027799963951111
17 0.6603419780731201 0.24537000060081482 0.06125998497009277 0.08201098442077637
17 0.8231649994850159 0.46164000034332275 0.06349200010299683 0.09788396954536438
17 0.7051090002059937 0.46164000034332275 0.06051599979400635 0.08597898483276367
17 0.7671129703521729 0.6018519997596741 0.06597201526165009 0.09920597076416016
17 0.8252730369567871 0.7347880005836487 0.06374001502990723 0.10052895545959473
17 0.6517859697341919 0.6111109852790833 0.061507999897003174 0.10648095607757568
17 0.7141619920730591 0.7268519997596741 0.05927598476409912 0.0846560001373291
17 0.4720979928970337 0.40773800015449524 0.06473198533058167 0.0965610146522522
17 0.37996000051498413 0.31431901454925537 0.06150805950164795 0.10218298435211182
17 0.19717299938201904 0.34242698550224304 0.0625 0.10350501537322998
17 0.3627229928970337 0.46445098519325256 0.06125998497009277 0.08035701513290405
17 0.42361098527908325 0.5945770144462585 0.06051599979400635 0.09656095504760742
17 0.31808000802993774 0.593254029750824 0.07118093967437744 0.0846560001373291
17 0.2607889771461487 0.7197420001029968 0.08407700061798096 0.09623003005981445
17 0.3707839846611023 0.7255290150642395 0.07341301441192627 0.076058030128479
17 0.47482597827911377 0.7843919992446899 0.06572401523590088 0.09060800075531006
17 0.5870540142059326 0.77149498462677 0.06993997097015381 0.1078040599822998
17 0.6421129703521729 0.9260910153388977 0.0744050145149231 0.08895504474639893
