17 0.7965030074119568 0.2840610146522522 0.1445930004119873 0.21164000034332275
17 0.81386399269104 0.6377310156822205 0.1401289850473404 0.19411396980285645
17 0.7550839781761169 0.9285709857940674 0.15203401446342468 0.14285695552825928
17 0.5 0.9184849858283997 0.15079402923583984 0.16302895545959473
17 0.5388140082359314 0.6246690154075623 0.125247985124588 0.173941969871521
17 0.5441470146179199 0.30704399943351746 0.14236101508140564 0.20535701513290405
17 0.30257898569107056 0.2891870141029358 0.1294640302658081 0.18683898448944092
17 0.30753999948501587 0.621196985244751 0.15426599979400635 0.20138895511627197
17 0.25570398569107056 0.9155089855194092 0.17361104488372803 0.16898095607757568
17 0.05047100782394409 0.9206349849700928 0.10094201564788818 0.15873003005981445
17 0.06721225380897522 0.6235120296478271 0.13442450761795044 0.2027120590209961
17 0.07948899269104004 0.3027450144290924 0.1401289701461792 0.20866400003433228
