17 0.7273480296134949 0.1872519999742508 0.10482800006866455 0.07539698481559753
17 0.5757279992103577 0.19258399307727814 0.09788405895233154 0.06473198533058167
17 0.42476898431777954 0.19804100692272186 0.09490704536437988 0.07961300015449524
17 0.2759590148925781 0.2228419929742813 0.0876319408416748 0.07762899994850159
17 0.7245370149612427 0.3133679926395416 0.0965610146522522 0.07118099927902222
17 0.5714290142059326 0.31498000025749207 0.08597898483276367 0.06795603036880493
17 0.40757298469543457 0.3118799924850464 0.08895504474639893 0.07217299938201904
17 0.2630620002746582 0.33283698558807373 0.09623003005981445 0.07341301441192627
17 0.2652119994163513 0.4526289999485016 0.09193098545074463 0.06894797086715698
17 0.4155089855194092 0.43911200761795044 0.09623003005981445 0.06572401523590088
17 0.5613430142402649 0.4347720146179199 0.10350501537322998 0.0744050145149231
17 0.7180889844894409 0.4406000077724457 0.08895498514175415 0.07118099927902222
17 0.7296630144119263 0.553322970867157 0.09490704536437988 0.07440495491027832
17 0.5664680004119873 0.5436509847640991 0.09060800075531006 0.07440495491027832
17 0.4217919707298279 0.544642984867096 0.08631002902984619 0.07440495491027832
17 0.277446985244751 0.568452000617981 0.09656095504760742 0.07886898517608643
17 0.4155089855194092 0.6638140082359314 0.09358501434326172 0.08407700061798096
17 0.2746359705924988 0.6784470081329346 0.10482800006866455 0.08506894111633301
17 0.5686179995536804 0.6563739776611328 0.11210298538208008 0.08407700061798096
17 0.7123019695281982 0.6773309707641602 0.1005290150642395 0.08085298538208008
