15 0.4414680004119873 0.7142859697341919 0.1091269850730896 0.24900799989700317
15 0.6168980002403259 0.6555060148239136 0.14980196952819824 0.23313498497009277
15 0.5752310156822205 0.5131449699401855 0.2357800006866455 0.2653769850730896
15 0.48032400012016296 0.3896329998970032 0.45998698472976685 0.234127014875412
15 0.3574739992618561 0.5838289856910706 0.20833301544189453 0.2728170156478882
15 0.15625 0.6188000440597534 0.3118389844894409 0.11210298538208008
15 0.1835319995880127 0.47755497694015503 0.32341301441192627 0.2695930004119873
15 0.10218299925327301 0.389756977558136 0.19246000051498413 0.4064979553222656
16 0.46164000034332275 0.7833579778671265 0.0806879997253418 0.09598198533058167
16 0.6299600005149841 0.7142859697341919 0.12367701530456543 0.10466301441192627
16 0.514054000377655 0.6015620231628418 0.10218298435211182 0.0820930004119873
16 0.3120039999485016 0.6798120141029358 0.07771199941635132 0.0744050145149231
16 0.1431879997253418 0.5504710078239441 0.10515899211168289 0.09598201513290405
16 0.34160101413726807 0.45920097827911377 0.14219599962234497 0.10342299938201904
16 0.05257900059223175 0.5777530074119568 0.08201099932193756 0.0776289701461792
