17 0.2595899999141693 0.25905299186706543 0.09920601546764374 0.07663701474666595
17 0.39682498574256897 0.26016899943351746 0.09193098545074463 0.0744050145149231
17 0.5464619994163513 0.2574400007724762 0.08631002902984619 0.06696398556232452
17 0.6866729855537415 0.2724449932575226 0.07638895511627197 0.07316499948501587
17 0.5644840002059937 0.36408698558807373 0.0932539701461792 0.07341301441192627
17 0.7103170156478882 0.3830609917640686 0.08333301544189453 0.07018798589706421
17 0.4163359999656677 0.37648800015449524 0.09920597076416016 0.06795603036880493
17 0.27182498574256897 0.3792159855365753 0.09193098545074463 0.06894797086715698
17 0.2840610146522522 0.4956600069999695 0.08796298503875732 0.06919598579406738
17 0.4285709857940674 0.48177099227905273 0.09193098545074463 0.06473198533058167
17 0.5672950148582458 0.4871029853820801 0.0902780294418335 0.06894803047180176
17 0.70899498462677 0.4967759847640991 0.09193098545074463 0.07341298460960388
17 0.7109789848327637 0.6035469770431519 0.09920597076416016 0.07564496994018555
17 0.5687829852104187 0.5851929783821106 0.0932539701461792 0.07118093967437744
17 0.42923301458358765 0.5895339846611023 0.09060800075531006 0.07341301441192627
17 0.27033698558807373 0.6019350290298462 0.08895498514175415 0.06795597076416016
17 0.2905089855194092 0.7162700295448303 0.086310014128685 0.07440495491027832
17 0.4255949854850769 0.6977930068969727 0.0892859697341919 0.07663702964782715
17 0.5773810148239136 0.6989089846611023 0.09656095504760742 0.08730196952819824
17 0.7204030156135559 0.7082089781761169 0.09490704536437988 0.0776289701461792
