19 0.13537131249904633 0.03518873080611229 0.27074262499809265 0.07037746161222458
19 0.27421051263809204 0.024605026468634605 0.28427430987358093 0.04921005293726921
19 0.00959076825529337 0.7761136293411255 0.01918153651058674 0.2776711881160736
19 0.0717235580086708 0.9170994162559509 0.1434471160173416 0.16580115258693695
19 0.3179280757904053 0.579605221748352 0.35582220554351807 0.2776711881160736
19 0.4532090425491333 0.7651615142822266 0.3315936028957367 0.25403594970703125
19 0.3031640648841858 0.21001717448234558 0.3305411636829376 0.2601904273033142
19 0.4320034682750702 0.4116922616958618 0.3236740827560425 0.2534375488758087
19 0.5471625328063965 0.604958713054657 0.2839426100254059 0.22278361022472382
19 0.6670210957527161 0.7567739486694336 0.2861986756324768 0.22167401015758514
19 0.8436982035636902 0.7590128779411316 0.24691374599933624 0.18587122857570648
19 0.7493717670440674 0.6051605343818665 0.2537151277065277 0.20169448852539062
19 0.6530098915100098 0.45463499426841736 0.26514732837677 0.20891714096069336
19 0.5473048686981201 0.2608368396759033 0.2800385355949402 0.22164463996887207
19 0.39529672265052795 0.10721124708652496 0.28427430987358093 0.21442249417304993
19 0.955785870552063 0.7663390040397644 0.0884283035993576 0.19829457998275757
19 0.8967756628990173 0.6166937947273254 0.20644865930080414 0.2052018791437149
