16 0.6439729928970337 0.21511200070381165 0.1128469705581665 0.1875
16 0.5296379327774048 0.2091600000858307 0.1207839846611023 0.21660101413726807
16 0.47805100679397583 0.22420600056648254 0.04786694049835205 0.18650799989700317
16 0.374131977558136 0.20502600073814392 0.0815969705581665 0.1653439998626709
16 0.25558000802993774 0.21941101551055908 0.05431497097015381 0.14914001524448395
16 0.20039701461791992 0.20932501554489136 0.09126996994018555 0.1653440147638321
16 0.28410202264785767 0.21676599979400635 0.042410969734191895 0.12466901540756226
16 0.7532240152359009 0.45304200053215027 0.09126996994018555 0.07473498582839966
16 0.9144350290298462 0.47371000051498413 0.0744050145149231 0.08432498574256897
16 0.7041170001029968 0.5185189843177795 0.09523797035217285 0.0886240005493164
16 0.7521079778671265 0.7590939998626709 0.14310503005981445 0.15773797035217285
15 0.6400049924850464 0.3761569857597351 0.12723207473754883 0.49702396988868713
15 0.5420390367507935 0.3976519703865051 0.1282239556312561 0.5697749853134155
15 0.38950902223587036 0.4011240005493164 0.15749001502990723 0.5641529560089111
15 0.21403801441192627 0.4108799993991852 0.18898797035217285 0.5982139706611633
15 0.5488590002059937 0.6838619709014893 0.5496029853820801 0.3062169551849365
15 0.7961310148239136 0.6274799704551697 0.39285701513290405 0.24834704399108887
15 0.12425601482391357 0.5281080007553101 0.24851202964782715 0.173941969871521
