19 0.10032200068235397 0.5330690145492554 0.11979199945926666 0.16666698455810547
19 0.24392402172088623 0.5543980002403259 0.11135901510715485 0.16832002997398376
19 0.3711560070514679 0.5553900003433228 0.12227201461791992 0.1623680293560028
19 0.4910709857940674 0.5730819702148438 0.11607098579406738 0.14814803004264832
19 0.6130949854850769 0.5788689851760864 0.11210298538208008 0.14914000034332275
19 0.7271829843521118 0.5836640000343323 0.11259901523590088 0.14417994022369385
19 0.8504459857940674 0.5858129858970642 0.11756002902984619 0.16302895545959473
15 0.15426599979400635 0.5132279992103577 0.20238101482391357 0.18254002928733826
15 0.26351699233055115 0.5282739996910095 0.140625 0.20601901412010193
15 0.37748000025749207 0.5287700295448303 0.11111098527908325 0.18981501460075378
15 0.4883430004119873 0.5405089855194092 0.10218298435211182 0.1921299695968628
15 0.6170629858970642 0.547950029373169 0.09275805950164795 0.18783101439476013
15 0.7175099849700928 0.5448079705238342 0.12251996994018555 0.1835319995880127
15 0.8155999779701233 0.549107015132904 0.15054595470428467 0.23048901557922363
