16 0.2935270071029663 0.5090939998626709 0.06969201564788818 0.10152101516723633
15 0.18278799951076508 0.5352180004119873 0.2896830141544342 0.23048901557922363
17 0.20548099279403687 0.8594579696655273 0.07762899994850159 0.10251300781965256
17 0.2775300145149231 0.6478170156478882 0.07589298486709595 0.09722203016281128
17 0.4559769928455353 0.6375659704208374 0.07762902975082397 0.09391498565673828
17 0.5938739776611328 0.7331349849700928 0.0736609697341919 0.09060800075531006
17 0.3870289921760559 0.9695770144462585 0.09201401472091675 0.06018500030040741
17 0.5267860293388367 0.9513890147209167 0.0704369843006134 0.096560999751091
17 0.16269800066947937 0.1091269850730896 0.07688499242067337 0.0972219705581665
17 0.2886900007724762 0.2562829852104187 0.07291698455810547 0.09523797035217285
17 0.4375 0.37318098545074463 0.06795597076416016 0.08961606025695801
17 0.6535220146179199 0.3943449854850769 0.06944394111633301 0.0982140302658081
17 0.7992309927940369 0.545304000377655 0.08407700061798096 0.1164020299911499
17 0.8788440227508545 0.42377597093582153 0.08010900020599365 0.09689199924468994
17 0.6755949854850769 0.2409060001373291 0.0625 0.10019803047180176
17 0.7875739932060242 0.2056879997253418 0.07217299938201904 0.11507904529571533
17 0.7796379923820496 0.054233014583587646 0.08010900020599365 0.10846602916717529
17 0.6452130079269409 0.08664000034332275 0.0736609697341919 0.1058199405670166
17 0.5250499844551086 0.08779799938201904 0.06398797035217285 0.10548901557922363
17 0.4095979928970337 0.0648149847984314 0.07911700010299683 0.10449695587158203
17 0.2931550145149231 0.1005290150642395 0.0783730149269104 0.0886240005493164
