17 0.9198079705238342 0.374752014875412 0.16038405895233154 0.13789701461791992
15 0.4580030143260956 0.2464040219783783 0.6223539710044861 0.17881901562213898
15 0.4199739694595337 0.3990580141544342 0.5806879997253418 0.13045603036880493
15 0.5421630144119263 0.5704370141029358 0.6154099702835083 0.13492095470428467
15 0.6643519997596741 0.7057290077209473 0.5892859697341919 0.19419598579406738
16 0.6750990152359009 0.953125 0.24570095539093018 0.09375
16 0.4773479998111725 0.7569440007209778 0.20403403043746948 0.13690495491027832
16 0.3344910144805908 0.5655999779701233 0.16236799955368042 0.10143804550170898
16 0.21296299993991852 0.3973209857940674 0.1726190149784088 0.1056550145149231
16 0.26455000042915344 0.2222220003604889 0.1812170147895813 0.12400799989700317
