15 0.3256450295448303 0.1324400007724762 0.5694440603256226 0.2642199993133545
15 0.6355409622192383 0.5507609844207764 0.2814980149269104 0.6875
15 0.7347469925880432 0.6355819702148438 0.34201401472091675 0.6441800594329834
15 0.4376239776611328 0.7372687458992004 0.18973198533058167 0.5254625082015991
15 0.21242600679397583 0.33945098519325256 0.42485105991363525 0.2529760003089905
15 0.20163702964782715 0.5615079998970032 0.4032740592956543 0.2572749853134155
16 0.4844989776611328 0.20634900033473969 0.21453401446342468 0.15079399943351746
16 0.33048099279403687 0.3910380005836487 0.18874001502990723 0.11210298538208008
16 0.29476702213287354 0.57225501537323 0.1713789701461792 0.12929904460906982
16 0.5352180004119873 0.7873679995536804 0.14335298538208008 0.1653439998626709
16 0.8263890147209167 0.4221230149269104 0.14335301518440247 0.19675901532173157
