17 0.2840610146522522 0.2034969925880432 0.21164000034332275 0.1445930004119873
17 0.6377310156822205 0.18613600730895996 0.19411396980285645 0.1401289850473404
17 0.9285709857940674 0.24491600692272186 0.14285695552825928 0.15203401446342468
17 0.9184849858283997 0.5 0.16302895545959473 0.15079402923583984
17 0.6246690154075623 0.4611859917640686 0.173941969871521 0.125247985124588
17 0.30704399943351746 0.4558529853820801 0.20535701513290405 0.14236101508140564
17 0.2891870141029358 0.6974210143089294 0.18683898448944092 0.1294640302658081
17 0.621196985244751 0.6924600005149841 0.20138895511627197 0.15426599979400635
17 0.9155089855194092 0.7442960143089294 0.16898095607757568 0.17361104488372803
17 0.9206349849700928 0.9495289921760559 0.15873003005981445 0.10094201564788818
17 0.6235120296478271 0.9327877759933472 0.2027120590209961 0.13442450761795044
17 0.3027450144290924 0.92051100730896 0.20866400003433228 0.1401289701461792
