17 0.5067789554595947 0.06671600043773651 0.24173301458358765 0.1329369843006134
17 0.8969910144805908 0.19022800028324127 0.20535701513290405 0.17460301518440247
17 0.5909389853477478 0.3250249922275543 0.20833301544189453 0.15104198455810547
17 0.23148101568222046 0.23561500012874603 0.2056879997253418 0.1681549847126007
17 0.09523797035217285 0.4836310148239136 0.1904759407043457 0.1681549847126007
17 0.5499340295791626 0.5844489932060242 0.24140197038650513 0.15401804447174072
17 0.8640869855880737 0.4776790142059326 0.22288399934768677 0.14781701564788818
17 0.797950029373169 0.765625 0.22288399934768677 0.15625
17 0.2574399709701538 0.71875 0.19411396980285645 0.16617095470428467
17 0.49503999948501587 0.9038940072059631 0.23280394077301025 0.17038702964782715
