15 0.12599048018455505 0.0004913757438771427 0.2519809603691101 0.0009827514877542853
15 0.02888062410056591 0.7052714228630066 0.05776124820113182 0.37958434224128723
15 0.04627543315291405 0.813085675239563 0.0925508663058281 0.3505418002605438
15 0.06291412562131882 0.8604668378829956 0.12582825124263763 0.2790663540363312
15 0.055777378380298615 0.9076607823371887 0.11155475676059723 0.18467837572097778
15 0.07778681814670563 0.9408490061759949 0.15557363629341125 0.11830199509859085
15 0.3763105571269989 0.3902266025543213 0.6328490972518921 0.37958434224128723
16 0.48427125811576843 0.47534382343292236 0.5779987573623657 0.3505418002605438
16 0.5519418716430664 0.5393553972244263 0.540399968624115 0.3278011083602905
16 0.6219245195388794 0.5858638286590576 0.45246395468711853 0.27202025055885315
16 0.6827336549758911 0.6465442180633545 0.4391553997993469 0.27068623900413513
16 0.36734676361083984 0.3171553611755371 0.533042311668396 0.3199566900730133
16 0.370892733335495 0.26165497303009033 0.4735749065876007 0.2851826250553131
16 0.5143520832061768 0.19130168855190277 0.14178134500980377 0.09561514854431152
16 0.5444489121437073 0.23368337750434875 0.15761061012744904 0.10809240490198135
