15 0.8107640147209167 0.600197970867157 0.21279798448085785 0.7466930150985718
15 0.6297119855880737 0.6051589846611023 0.17509901523590088 0.7777780294418335
15 0.45523297786712646 0.6018519997596741 0.1798119843006134 0.7863759994506836
15 0.280381977558136 0.6094580292701721 0.18725204467773438 0.7519840002059937
15 0.09499001502990723 0.6254960298538208 0.18998003005981445 0.7483469843864441
16 0.8160960078239441 0.8500329852104187 0.11929599195718765 0.24107101559638977
16 0.7517359852790833 0.8045629858970642 0.08482101559638977 0.18253998458385468
16 0.6024309992790222 0.8088619709014893 0.0823410153388977 0.16335999965667725
16 0.6408729553222656 0.8769840002059937 0.10466301441192627 0.23148101568222046
16 0.4656500220298767 0.8766530156135559 0.09994998574256897 0.2175929844379425
16 0.2839779853820801 0.875 0.10813498497009277 0.24669301509857178
16 0.16927099227905273 0.8215939998626709 0.09449398517608643 0.1994050145149231
16 0.08730202913284302 0.8819440007209778 0.14484095573425293 0.23478800058364868
