15 0.37996000051498413 0.5960649847984314 0.15128999948501587 0.6742719411849976
15 0.5050839781761169 0.5669639706611633 0.14707303047180176 0.6081349849700928
15 0.5931299924850464 0.5570440292358398 0.1376490592956543 0.568452000617981
15 0.6664190292358398 0.5314149856567383 0.10962295532226562 0.480819970369339
15 0.7483879923820496 0.5249670147895813 0.12177598476409912 0.4533729553222656
15 0.31001999974250793 0.5469580292701721 0.12797600030899048 0.5674599409103394
15 0.2615329921245575 0.500495970249176 0.11582298576831818 0.5023149251937866
16 0.2622770071029663 0.3186179995536804 0.058283984661102295 0.12996000051498413
16 0.31398800015449524 0.3250660002231598 0.06894797086715698 0.1408730149269104
16 0.38876500725746155 0.32655400037765503 0.08705401420593262 0.1716269850730896
16 0.4412199854850769 0.3368059992790222 0.06398797035217285 0.1154099702835083
16 0.5219489932060242 0.34854501485824585 0.06869998574256897 0.15806901454925537
16 0.6170629858970642 0.3698740005493164 0.06398797035217285 0.15773797035217285
16 0.6904760003089905 0.35317501425743103 0.06795597076416016 0.13095200061798096
16 0.7667409777641296 0.37466898560523987 0.062252044677734375 0.13558202981948853
