15 0.47110599279403687 0.6233470439910889 0.12227201461791992 0.5066140294075012
15 0.23958301544189453 0.3624340295791626 0.2961310148239136 0.4285709857940674
15 0.2543399930000305 0.7516530156135559 0.11433494091033936 0.3220899999141693
15 0.20548099279403687 0.7342920303344727 0.12574398517608643 0.37863796949386597
15 0.29067501425743103 0.7490079998970032 0.08630996942520142 0.3465610146522522
15 0.6251239776611328 0.7139549851417542 0.2353670597076416 0.1779099851846695
15 0.6995289921760559 0.7923280000686646 0.09598195552825928 0.25198400020599365
15 0.6288440227508545 0.3981480002403259 0.21999001502990723 0.36375701427459717
15 0.20399299263954163 0.4745370149612427 0.2681049704551697 0.2539680004119873
16 0.24392402172088623 0.8434190154075623 0.07614099979400635 0.13657400012016296
16 0.18960800766944885 0.8515210151672363 0.07762902975082397 0.13955000042915344
16 0.27864599227905273 0.8508599996566772 0.06076407432556152 0.13227498531341553
16 0.4299359917640686 0.9006279706954956 0.051339030265808105 0.06712999939918518
16 0.4719740152359009 0.8898810148239136 0.05357098579406738 0.06283100694417953
16 0.5203369855880737 0.8893849849700928 0.054563045501708984 0.07705000042915344
16 0.47036200761795044 0.8110120296478271 0.08060503005981445 0.12070101499557495
16 0.1595979928970337 0.2562829852104187 0.11681497097015381 0.1693120002746582
16 0.6991569995880127 0.3005949854850769 0.1240079402923584 0.17724895477294922
17 0.35354703664779663 0.5815150141716003 0.08407700061798096 0.08432501554489136
17 0.6759669780731201 0.504298985004425 0.06473195552825928 0.09391501545906067
17 0.7667409777641296 0.5090939998626709 0.05778801441192627 0.08432498574256897
16 0.7063490152359009 0.6590610146522522 0.09375 0.08531701564788818
16 0.7136660218238831 0.8579699993133545 0.06324398517608643 0.11607099324464798
