17 0.4464290142059326 0.36520299315452576 0.05753999948501587 0.04191499948501587
17 0.5342260003089905 0.3630949854850769 0.06051599979400635 0.04067498445510864
17 0.6248350143432617 0.36086300015449524 0.055886030197143555 0.04067498445510864
17 0.7212299704551697 0.37289199233055115 0.0681220293045044 0.04538697004318237
17 0.4499010145664215 0.4409720003604889 0.06183898448944092 0.03918701410293579
17 0.5444779992103577 0.43886399269104004 0.06117701530456543 0.0463789701461792
17 0.6364089846611023 0.43092799186706543 0.05787003040313721 0.0463789701461792
17 0.7344580292701721 0.4419640004634857 0.06415295600891113 0.0466269850730896
17 0.45701101422309875 0.513392984867096 0.0562170147895813 0.039682984352111816
17 0.5487759709358215 0.5044639706611633 0.057209014892578125 0.04365098476409912
17 0.6370700001716614 0.5065720081329346 0.05324101448059082 0.042906999588012695
17 0.7299929857254028 0.5140129923820496 0.06183898448944092 0.04588302969932556
17 0.45138901472091675 0.5793650150299072 0.05357098579406738 0.04365098476409912
17 0.5496029853820801 0.5730410218238831 0.056877970695495605 0.04588305950164795
17 0.6382279992103577 0.5720490217208862 0.056877970695495605 0.0438990592956543
17 0.7316470146179199 0.5846970081329346 0.05985403060913086 0.04489099979400635
17 0.4654429852962494 0.6537700295448303 0.06316101551055908 0.04811501502990723
17 0.5505949854850769 0.63926100730896 0.06084704399108887 0.043403029441833496
17 0.6441799998283386 0.6398810148239136 0.06216895580291748 0.05059504508972168
17 0.7344580292701721 0.654017984867096 0.06415295600891113 0.04960298538208008
