16 0.13107599318027496 0.440807044506073 0.25520798563957214 0.41732802987098694
16 0.4499010145664215 0.4358470141887665 0.18253999948501587 0.39682501554489136
16 0.8003469705581665 0.48826098442077637 0.19990098476409912 0.4374999701976776
16 0.2615329921245575 0.22486799955368042 0.15451401472091675 0.2751320004463196
16 0.5012400150299072 0.19808200001716614 0.140872985124588 0.1812170147895813
16 0.75 0.23544999957084656 0.14087295532226562 0.21560800075531006
16 0.952629029750824 0.2614090144634247 0.09474194049835205 0.25496000051498413
16 0.31473198533058167 0.07870399951934814 0.125 0.1408730149269104
16 0.5331100225448608 0.10052900016307831 0.1088789701461792 0.14616400003433228
16 0.7287949919700623 0.10201700031757355 0.10788702964782715 0.12599200010299683
16 0.6519100069999695 0.03621000051498413 0.09350204467773438 0.07175900042057037
