17 0.3350690007209778 0.6820440292358398 0.043155014514923096 0.05456298589706421
17 0.3353169858455658 0.6005289554595947 0.03670603036880493 0.05026501417160034
17 0.3356890082359314 0.5153770446777344 0.03745001554489136 0.04993396997451782
17 0.34548598527908325 0.4346889853477478 0.04365098476409912 0.04927194118499756
17 0.4063740074634552 0.6775789856910706 0.03893798589706421 0.054233014583587646
17 0.4026539921760559 0.5904430150985718 0.03596198558807373 0.051917970180511475
17 0.40029799938201904 0.5047950148582458 0.04513901472091675 0.05522501468658447
17 0.4071179926395416 0.4216269850730896 0.03745001554489136 0.056877970695495605
17 0.4728420078754425 0.6671630144119263 0.038442015647888184 0.05919301509857178
17 0.467633992433548 0.5854830145835876 0.03695398569107056 0.0499340295791626
17 0.4694939851760864 0.5018190145492554 0.04067498445510864 0.05324101448059082
17 0.4724699854850769 0.4181550145149231 0.04365098476409912 0.055886030197143555
17 0.5344740152359009 0.6746029853820801 0.039682984352111816 0.052249014377593994
17 0.5292659997940063 0.58399498462677 0.039682984352111816 0.04894202947616577
17 0.5276539921760559 0.5008270144462585 0.042906999588012695 0.05324101448059082
17 0.5364580154418945 0.4181550145149231 0.04513895511627197 0.05191802978515625
17 0.5987100005149841 0.41402101516723633 0.04365098476409912 0.05224895477294922
17 0.5908979773521423 0.4927250146865845 0.03993093967437744 0.05092597007751465
17 0.5905259847640991 0.5820109844207764 0.04513895511627197 0.052910029888153076
17 0.6031749844551086 0.6607140302658081 0.04365098476409912 0.052249014377593994
