16 0.6792330145835876 0.7255699634552002 0.10648101568222046 0.0820930004119873
16 0.7533069849014282 0.3368059992790222 0.13095201551914215 0.09375
16 0.8597880005836487 0.14546102285385132 0.13095200061798096 0.11235105991363525
16 0.45932501554489136 0.11408698558807373 0.1296299695968628 0.09920597076416016
16 0.23148101568222046 0.3470979928970337 0.10185205936431885 0.10143804550170898
16 0.3444110155105591 0.3319690227508545 0.08631002902984619 0.08854198455810547
16 0.24222898483276367 0.41666698455810547 0.12070095539093018 0.07242095470428467
16 0.5858129858970642 0.569815993309021 0.14649498462677002 0.08506900072097778
16 0.7260249853134155 0.41121000051498413 0.1392199993133545 0.09375
17 0.6188820004463196 0.8598710298538208 0.14384901523590088 0.09176599979400635
17 0.4348539710044861 0.794642984867096 0.13227498531341553 0.09920600056648254
17 0.5563820004463196 0.7034969925880432 0.09358501434326172 0.0786210298538208
17 0.04199725389480591 0.7196179628372192 0.08399450778961182 0.0895339846611023
17 0.9467589855194092 0.7503719925880432 0.10052900016307831 0.09052598476409912
17 0.9775130152702332 0.5783729553222656 0.0443120002746582 0.08531701564788818
17 0.6512899994850159 0.24107098579406738 0.10218298435211182 0.07886898517608643
15 0.34060800075531006 0.5487349629402161 0.24007904529571533 0.3172120153903961
15 0.47585999965667725 0.5002479553222656 0.3578040301799774 0.24355202913284302
15 0.6397160291671753 0.6285960078239441 0.22585999965667725 0.3063000440597534
15 0.7589290142059326 0.4537450075149536 0.1567460000514984 0.32564496994018555
15 0.47007298469543457 0.21875 0.1709660291671753 0.30605196952819824
15 0.9049270153045654 0.37611597776412964 0.18948400020599365 0.2695930004119873
15 0.8123350143432617 0.23325902223587036 0.20535698533058167 0.3092759847640991
