15 0.3558848202228546 0.007059913594275713 0.2875014543533325 0.014119827188551426
15 0.4792766273021698 0.00025038508465513587 0.3753602206707001 0.0005007701693102717
15 0.19254493713378906 0.1905883252620697 0.2815915048122406 0.1924782246351242
15 0.34244170784950256 0.26496782898902893 0.2948545217514038 0.22166450321674347
15 0.38460978865623474 0.08149927109479904 0.2875014543533325 0.16299854218959808
15 0.5540304183959961 0.19397112727165222 0.3753602206707001 0.38794225454330444
15 0.5540313720703125 0.5937907099723816 0.41238677501678467 0.3654296398162842
15 0.4747947156429291 0.7983364462852478 0.33596667647361755 0.2686261236667633
15 0.4216587245464325 0.9512477517127991 0.39772719144821167 0.09750443696975708
16 0.6470215916633606 0.8981068730354309 0.38560372591018677 0.2037862241268158
16 0.4761739671230316 0.45903608202934265 0.3378240168094635 0.33626383543014526
16 0.10899333655834198 0.16998928785324097 0.11213613301515579 0.10524595528841019
16 0.2658749222755432 0.31631267070770264 0.09758837521076202 0.09313084930181503
16 0.31095531582832336 0.11071253567934036 0.10193279385566711 0.10905617475509644
16 0.4006040096282959 0.5038622617721558 0.11818545311689377 0.07991128414869308
16 0.34117358922958374 0.6584631204605103 0.1158747673034668 0.11934983730316162
