17 0.9030259847640991 0.3034060001373291 0.10019800066947937 0.13789701461791992
17 0.7983629703521729 0.46164000034332275 0.08928599953651428 0.11772501468658447
17 0.7341269850730896 0.6549270153045654 0.09920601546764374 0.1193779706954956
17 0.7444199919700623 0.265377014875412 0.08506900072097778 0.11937801539897919
17 0.6414929628372192 0.4328700006008148 0.08854198455810547 0.12367701530456543
17 0.6334329843521118 0.09705699980258942 0.08730202913284302 0.12797600030899048
17 0.5305060148239136 0.28273800015449524 0.08631002902984619 0.11640198528766632
17 0.5751489996910095 0.6413689851760864 0.0892859697341919 0.11474895477294922
17 0.63926100730896 0.836143970489502 0.10788702964782715 0.1279759407043457
17 0.47383397817611694 0.4760249853134155 0.09151801466941833 0.1352510154247284
17 0.5039680004119873 0.9399799704551697 0.10466301441192627 0.12004005908966064
17 0.42633897066116333 0.670799970626831 0.08730196952819824 0.11673295497894287
17 0.35305100679397583 0.8655750155448914 0.09399795532226562 0.11805593967437744
17 0.30183500051498413 0.5449740290641785 0.0972219705581665 0.12367701530456543
17 0.234375 0.7276790142059326 0.10019803047180176 0.13789701461791992
17 0.36383897066116333 0.33217599987983704 0.09176599979400635 0.13789701461791992
17 0.43129998445510864 0.10796999931335449 0.09275805950164795 0.12929898500442505
17 0.25496000051498413 0.15839900076389313 0.09176599979400635 0.12367699295282364
17 0.20796102285385132 0.3688820004463196 0.09052598476409912 0.12533098459243774
17 0.14980202913284302 0.5580360293388367 0.10367095470428467 0.12929901480674744
