15 0.3601189851760864 0.6857640147209167 0.505952000617981 0.1294640153646469
15 0.47371000051498413 0.5762649774551392 0.49768495559692383 0.15401798486709595
15 0.21279799938201904 0.7217260003089905 0.4097219705581665 0.2728170156478882
15 0.2852180004119873 0.2527279853820801 0.3277120590209961 0.41716301441192627
15 0.6289680004119873 0.42695897817611694 0.44841301441192627 0.20064496994018555
15 0.5578700304031372 0.17782700061798096 0.4556879997253418 0.18551599979400635
16 0.18832701444625854 0.6641870141029358 0.12202394008636475 0.09920597076416016
16 0.2976189851760864 0.6042909622192383 0.1335979700088501 0.0939980149269104
16 0.3831019997596741 0.40860599279403687 0.14980196952819824 0.09499001502990723
16 0.45204997062683105 0.35255497694015503 0.14947104454040527 0.09052598476409912
16 0.04497402906417847 0.6097469925880432 0.08994698524475098 0.09598201513290405
16 0.09838002920150757 0.47160202264785767 0.10945796966552734 0.0786210298538208
16 0.24355202913284302 0.36049097776412964 0.14649498462677002 0.1088789701461792
