16 0.1906026303768158 0.11066313832998276 0.10344645380973816 0.1438477784395218
16 0.10620033740997314 0.16360941529273987 0.081992506980896 0.11743046343326569
16 0.025769811123609543 0.20497293770313263 0.051539622247219086 0.13508351147174835
16 0.187777578830719 0.08538329601287842 0.2353002279996872 0.17076659202575684
16 0.10981636494398117 0.11079687625169754 0.21963272988796234 0.22159375250339508
16 0.08240972459316254 0.15538665652275085 0.16481944918632507 0.3107733130455017
16 0.0371566005051136 0.11104577034711838 0.0743132010102272 0.22209154069423676
16 0.009188149124383926 0.9553157091140747 0.018376298248767853 0.08936861902475357
16 0.549210250377655 0.19549313187599182 0.11580436676740646 0.14498521387577057
16 0.2939630448818207 0.3124362528324127 0.10344645380973816 0.1438477784395218
16 0.2262699455022812 0.3980010747909546 0.081992506980896 0.11743046343326569
16 0.15937186777591705 0.5126913189888 0.09959950298070908 0.13508351147174835
16 0.15966416895389557 0.6212555766105652 0.0810602530837059 0.11644645780324936
15 0.16667309403419495 0.7446548938751221 0.10656598210334778 0.145339697599411
15 0.35025861859321594 0.9752626419067383 0.07576754689216614 0.04947474226355553
15 0.48073458671569824 0.9630448818206787 0.11551962047815323 0.073910191655159
15 0.6147350668907166 0.9372296333312988 0.10467669367790222 0.12554079294204712
15 0.7483519315719604 0.8065495491027832 0.09786246716976166 0.1291850507259369
15 0.7942880988121033 0.6110161542892456 0.09184775501489639 0.12141461670398712
15 0.7975294589996338 0.46511897444725037 0.10296604782342911 0.1268187016248703
15 0.6150030493736267 0.19583165645599365 0.08440863341093063 0.11086263507604599
15 0.533203125 0.29665303230285645 0.25896933674812317 0.34024667739868164
15 0.600249171257019 0.30920061469078064 0.25608590245246887 0.34423065185546875
15 0.3718324899673462 0.3570284843444824 0.2353002279996872 0.34607499837875366
15 0.3046611249446869 0.44619640707969666 0.23716969788074493 0.3457542359828949
15 0.23310990631580353 0.5334200859069824 0.301472544670105 0.40984442830085754
17 0.24932153522968292 0.6449154615402222 0.2644491493701935 0.3538701832294464
17 0.2499215304851532 0.7526445388793945 0.263274222612381 0.34551605582237244
17 0.7129316926002502 0.4768991470336914 0.27815526723861694 0.33465254306793213
17 0.715822696685791 0.595706045627594 0.27517884969711304 0.3585157096385956
17 0.6727913022041321 0.7509559988975525 0.22420744597911835 0.339884877204895
17 0.5845085382461548 0.8396963477134705 0.20611347258090973 0.3181460499763489
17 0.47861045598983765 0.8434690833091736 0.23880523443222046 0.31306183338165283
