17 0.5155365467071533 0.16669604182243347 0.14129318296909332 0.11087801307439804
17 0.6388868689537048 0.2906564176082611 0.14479553699493408 0.11262031644582748
17 0.7677688002586365 0.4171782433986664 0.1438562572002411 0.11326533555984497
17 0.8778867721557617 0.5519717335700989 0.1522814780473709 0.11993841081857681
17 0.7958624958992004 0.6235819458961487 0.14689284563064575 0.11547194421291351
17 0.685613214969635 0.48558950424194336 0.14195787906646729 0.11211888492107391
17 0.5395350456237793 0.36005422472953796 0.138665571808815 0.11050340533256531
17 0.4098886251449585 0.23508721590042114 0.14775551855564117 0.11841738969087601
17 0.31224969029426575 0.31110015511512756 0.15826085209846497 0.12550777196884155
17 0.44604334235191345 0.4243836998939514 0.14309602975845337 0.11317899823188782
17 0.5689554214477539 0.5466417670249939 0.1362738460302353 0.1071009412407875
17 0.6856342554092407 0.6757242679595947 0.14971938729286194 0.11755197495222092
17 0.5844123959541321 0.7320441007614136 0.15598279237747192 0.12338591367006302
17 0.4759281277656555 0.6028217673301697 0.14510896801948547 0.1156068667769432
17 0.3491245210170746 0.47985368967056274 0.14111408591270447 0.1116093173623085
17 0.2024773359298706 0.353788286447525 0.1535359025001526 0.1222812756896019
17 0.10783322900533676 0.4288664162158966 0.14499437808990479 0.11432543396949768
17 0.2513405382633209 0.5332236289978027 0.14575469493865967 0.11441181600093842
17 0.3771957755088806 0.6567644476890564 0.14762122929096222 0.11469956487417221
17 0.49607306718826294 0.7912951111793518 0.15770114958286285 0.1252628117799759
