17 0.25905299186706543 0.7404099702835083 0.07663701474666595 0.09920601546764374
17 0.26016899943351746 0.6031750440597534 0.0744050145149231 0.09193098545074463
17 0.2574400007724762 0.4535380005836487 0.06696398556232452 0.08631002902984619
17 0.2724449932575226 0.31332701444625854 0.07316499948501587 0.07638895511627197
17 0.36408698558807373 0.43551599979400635 0.07341301441192627 0.0932539701461792
17 0.3830609917640686 0.2896829843521118 0.07018798589706421 0.08333301544189453
17 0.37648800015449524 0.5836640000343323 0.06795603036880493 0.09920597076416016
17 0.3792159855365753 0.7281750440597534 0.06894797086715698 0.09193098545074463
17 0.4956600069999695 0.7159389853477478 0.06919598579406738 0.08796298503875732
17 0.48177099227905273 0.5714290142059326 0.06473198533058167 0.09193098545074463
17 0.4871029853820801 0.43270498514175415 0.06894803047180176 0.0902780294418335
17 0.4967759847640991 0.29100501537323 0.07341298460960388 0.09193098545074463
17 0.6035469770431519 0.28902101516723633 0.07564496994018555 0.09920597076416016
17 0.5851929783821106 0.4312170147895813 0.07118093967437744 0.0932539701461792
17 0.5895339846611023 0.5707669854164124 0.07341301441192627 0.09060800075531006
17 0.6019350290298462 0.7296630144119263 0.06795597076416016 0.08895498514175415
17 0.7162700295448303 0.7094910144805908 0.07440495491027832 0.086310014128685
17 0.6977930068969727 0.5744050145149231 0.07663702964782715 0.0892859697341919
17 0.6989089846611023 0.4226189851760864 0.08730196952819824 0.09656095504760742
17 0.7082089781761169 0.2795969843864441 0.0776289701461792 0.09490704536437988
