17 0.1872519999742508 0.7273479700088501 0.07539698481559753 0.10482800006866455
17 0.19258399307727814 0.5757279992103577 0.06473198533058167 0.09788399934768677
17 0.19804100692272186 0.42476898431777954 0.07961300015449524 0.09490704536437988
17 0.2228419929742813 0.2759590148925781 0.07762899994850159 0.0876319408416748
17 0.3133679926395416 0.7245370149612427 0.07118099927902222 0.0965610146522522
17 0.31498000025749207 0.5714290142059326 0.06795603036880493 0.08597898483276367
17 0.3118799924850464 0.40757298469543457 0.07217299938201904 0.08895504474639893
17 0.33283698558807373 0.2630620002746582 0.07341301441192627 0.09623003005981445
17 0.4526289999485016 0.2652119994163513 0.06894797086715698 0.09193098545074463
17 0.43911200761795044 0.4155089855194092 0.06572401523590088 0.09623003005981445
17 0.4347720146179199 0.5613430142402649 0.0744050145149231 0.10350501537322998
17 0.4406000077724457 0.7180889844894409 0.07118099927902222 0.08895498514175415
17 0.553322970867157 0.7296630144119263 0.07440495491027832 0.09490698575973511
17 0.5436509847640991 0.5664680004119873 0.07440495491027832 0.09060800075531006
17 0.544642984867096 0.4217919707298279 0.07440495491027832 0.08631002902984619
17 0.568452000617981 0.277446985244751 0.07886898517608643 0.09656095504760742
17 0.6638140082359314 0.4155089855194092 0.08407700061798096 0.09358501434326172
17 0.6784470081329346 0.2746359705924988 0.08506894111633301 0.10482800006866455
17 0.6563739776611328 0.5686179995536804 0.08407700061798096 0.11210298538208008
17 0.6773309707641602 0.7123019695281982 0.08085298538208008 0.1005290150642395
