17 0.08698853105306625 0.08042337000370026 0.1739770621061325 0.1608467400074005
17 0.3120039105415344 0.020557530224323273 0.2025778740644455 0.041115060448646545
17 0.0008024014532566071 0.8427702188491821 0.0016048029065132141 0.19785074889659882
17 0.012308317236602306 0.9837945699691772 0.024616634473204613 0.03241082280874252
17 0.12393877655267715 0.2369343489408493 0.20852334797382355 0.23113326728343964
17 0.3628036081790924 0.11033409088850021 0.2025778740644455 0.22066818177700043
17 0.6126905679702759 0.02827608212828636 0.19226890802383423 0.05655216425657272
17 0.19772541522979736 0.4578237235546112 0.19334810972213745 0.20041143894195557
17 0.43871966004371643 0.31657925248146057 0.1822376698255539 0.21049858629703522
17 0.6836151480674744 0.19029885530471802 0.18709726631641388 0.20828285813331604
17 0.7373834848403931 0.3950188457965851 0.18743517994880676 0.21035918593406677
17 0.5072731971740723 0.5107583999633789 0.18460099399089813 0.19241012632846832
