17 0.5851930379867554 0.5795300006866455 0.019593000411987305 0.02810800075531006
17 0.5844489932060242 0.5418319702148438 0.022073030471801758 0.026124000549316406
17 0.5859379768371582 0.5051259994506836 0.02108103036880493 0.026785969734191895
17 0.5819690227508545 0.46378999948501587 0.02058500051498413 0.024801969528198242
17 0.5514630079269409 0.5772160291671753 0.02058500051498413 0.028770029544830322
17 0.5517109632492065 0.537202000617981 0.022072970867156982 0.02810800075531006
17 0.5560519695281982 0.4965280294418335 0.024305999279022217 0.026785969734191895
17 0.5535709857940674 0.4558529853820801 0.02033698558807373 0.026785969734191895
17 0.5205850005149841 0.5714290142059326 0.01884901523590088 0.025794029235839844
17 0.5241819620132446 0.5319110155105591 0.01909703016281128 0.027446985244750977
17 0.5246779918670654 0.4927250146865845 0.020089030265808105 0.024471044540405273
17 0.5223209857940674 0.45469599962234497 0.017360985279083252 0.025794029235839844
17 0.49094700813293457 0.5712630152702332 0.019096970558166504 0.02810800075531006
17 0.49466800689697266 0.5307539701461792 0.019096970558166504 0.021825015544891357
17 0.4962800145149231 0.4918980002403259 0.022320985794067383 0.024801969528198242
17 0.4914429783821106 0.4535380005836487 0.021080970764160156 0.026785969734191895
17 0.46254998445510864 0.45023101568222046 0.022320985794067383 0.02810800075531006
17 0.46676599979400635 0.48941802978515625 0.021329045295715332 0.02381002902984619
17 0.46614599227905273 0.5282739996910095 0.020089030265808105 0.025462985038757324
17 0.45833301544189453 0.5658069849014282 0.01884901523590088 0.023148000240325928
