17 0.3379630148410797 0.9358879923820496 0.14351898431777954 0.09697400033473969
17 0.21726202964782715 0.8289929628372192 0.12367701530456543 0.07762899994850159
17 0.12731501460075378 0.9536210298538208 0.11044996976852417 0.08531700074672699
17 0.7650460004806519 0.8911210298538208 0.12665295600891113 0.09375
15 0.562995970249176 0.6015620231628418 0.27480196952819824 0.3559029698371887
15 0.7981150150299072 0.6910960078239441 0.37665295600891113 0.1684030145406723
15 0.3300260305404663 0.6101189851760864 0.4556879997253418 0.09920597076416016
15 0.29927200078964233 0.5190969705581665 0.4629629850387573 0.10019797086715698
15 0.3688820004463196 0.36433500051498413 0.4613100290298462 0.15079402923583984
15 0.23015901446342468 0.1794392466545105 0.26719599962234497 0.358878493309021
15 0.6851850152015686 0.3206850290298462 0.43254005908966064 0.1220240592956543
15 0.8156417608261108 0.4646580219268799 0.3687164783477783 0.23288702964782715
15 0.5773810148239136 0.21552598476409912 0.4761899709701538 0.14434504508972168
16 0.18998000025749207 0.6161949634552002 0.16104501485824585 0.07663697004318237
16 0.4694109559059143 0.5093010067939758 0.14517199993133545 0.08308497071266174
16 0.20932501554489136 0.38541698455810547 0.13095200061798096 0.06993997097015381
16 0.19857800006866455 0.3206850290298462 0.12929892539978027 0.07638895511627197
16 0.27910101413726807 0.30233097076416016 0.11507892608642578 0.07886898517608643
16 0.3819440007209778 0.234375 0.10780394077301025 0.07886898517608643
16 0.5198410153388977 0.28335797786712646 0.11904799938201904 0.0776289701461792
16 0.6909719705581665 0.5282739996910095 0.11078000068664551 0.09077396988868713
16 0.3379630148410797 0.4441959857940674 0.11243396997451782 0.0669640302658081
