17 0.7884420156478882 0.12450399994850159 0.15873000025749207 0.21726197004318237
17 0.7938989996910095 0.47089898586273193 0.15426599979400635 0.222883939743042
17 0.8030750155448914 0.8282080292701721 0.1790669858455658 0.21858501434326172
17 0.4930559992790222 0.14467599987983704 0.1607140302658081 0.21130996942520142
17 0.5086809992790222 0.5090939998626709 0.1488100290298462 0.21593904495239258
17 0.5473710298538208 0.879298985004425 0.14880996942520142 0.2056879997253418
17 0.24764400720596313 0.8677250146865845 0.18774795532226562 0.24007904529571533
17 0.2540919780731201 0.541500985622406 0.1768350601196289 0.22850501537322998
17 0.2222219705581665 0.17972898483276367 0.16716301441192627 0.21858501434326172
17 0.04241102933883667 0.8713619709014893 0.08482098579406738 0.22156095504760742
17 0.04352700710296631 0.5472880005836487 0.08705401420593262 0.24007904529571533
