15 0.6162369847297668 0.7493799924850464 0.3349870443344116 0.10689496994018555
15 0.3171299993991852 0.7628970146179199 0.3353169560432434 0.2177579402923584
16 0.7519840002059937 0.7617809772491455 0.08333301544189453 0.0731649398803711
16 0.4437829852104187 0.6868799924850464 0.09060800075531006 0.07018804550170898
17 0.39186498522758484 0.11160700023174286 0.09325402975082397 0.06894800066947937
17 0.3933529853820801 0.22755500674247742 0.09623003005981445 0.05927598476409912
17 0.5262899994850159 0.1633179932832718 0.0949070155620575 0.06473198533058167
17 0.6628640294075012 0.09871000051498413 0.08631002902984619 0.06894800066947937
17 0.179067000746727 0.27604201436042786 0.11342599987983704 0.06597201526165009
17 0.16848500072956085 0.39719700813293457 0.10152099281549454 0.06125998497009277
17 0.3447420001029968 0.46267399191856384 0.07771199941635132 0.05927598476409912
17 0.26107800006866455 0.5612599849700928 0.09160101413726807 0.06051599979400635
17 0.40707701444625854 0.5704370141029358 0.07936501502990723 0.057044029235839844
17 0.537202000617981 0.6186760067939758 0.07308197021484375 0.06820404529571533
17 0.5424929857254028 0.5099210143089294 0.08697101473808289 0.06498003005981445
17 0.6681550145149231 0.5612599849700928 0.08300304412841797 0.06498003005981445
17 0.6712960004806519 0.6739829778671265 0.0892859697341919 0.06125998497009277
17 0.5486109852790833 0.2745540142059326 0.09126996994018555 0.06398798525333405
17 0.6693120002746582 0.2116820067167282 0.08531701564788818 0.06522801518440247
17 0.7194110155105591 0.3358129858970642 0.10548901557922363 0.06398797035217285
17 0.7344580292701721 0.453125 0.09391498565673828 0.06349200010299683
17 0.8716930150985718 0.28001001477241516 0.08399498462677002 0.06696398556232452
