17 0.17457792162895203 0.0894288569688797 0.23438596725463867 0.1788577139377594
17 0.06907825917005539 0.15293025970458984 0.13815651834011078 0.3058605194091797
17 0.12012803554534912 0.8490452766418457 0.24025607109069824 0.3019094169139862
15 0.16616705060005188 0.9938610196113586 0.14570502936840057 0.012277921661734581
16 0.08226136863231659 0.9989984631538391 0.16452273726463318 0.0020030864980071783
16 0.023351114243268967 0.6090245842933655 0.04670222848653793 0.5204439759254456
15 0.01646183244884014 0.8091907501220703 0.03292366489768028 0.19049766659736633
17 0.6392238736152649 0.37096408009529114 0.25179457664489746 0.2919907867908478
15 0.3524613082408905 0.28449690341949463 0.25150662660598755 0.29290807247161865
19 0.5547796487808228 0.032817985862493515 0.28160005807876587 0.06563597172498703
