17 0.1484380066394806 0.8295300006866455 0.09499000757932663 0.12533098459243774
17 0.15327399969100952 0.6289680004119873 0.09375 0.12632298469543457
17 0.16083799302577972 0.42625701427459717 0.10441499948501587 0.1296299695968628
17 0.1872519999742508 0.22850501537322998 0.1011900007724762 0.125
17 0.33444899320602417 0.20552200078964233 0.09598201513290405 0.12797605991363525
17 0.30257898569107056 0.40178602933883667 0.08631002902984619 0.1210319995880127
17 0.3160960078239441 0.6154099702835083 0.09151798486709595 0.125
17 0.31510400772094727 0.8323410153388977 0.07663702964782715 0.11375699192285538
17 0.48276299238204956 0.8209329843521118 0.08854198455810547 0.12533101439476013
17 0.47098198533058167 0.6096229553222656 0.09275799989700317 0.12797600030899048
17 0.4756940007209778 0.4088960289955139 0.09176599979400635 0.11805593967437744
17 0.4962800145149231 0.21627002954483032 0.09176599979400635 0.12367701530456543
17 0.6541420221328735 0.2147819995880127 0.09499001502990723 0.12929904460906982
17 0.6186760067939758 0.41617101430892944 0.09499001502990723 0.13525104522705078
17 0.6201639771461487 0.6175600290298462 0.08953404426574707 0.12929898500442505
17 0.6343010067939758 0.8373019695281982 0.08953404426574707 0.12367700785398483
17 0.796006977558136 0.8217589855194092 0.10243093967437744 0.140872985124588
17 0.7718250155448914 0.6167330145835876 0.09920597076416016 0.12764596939086914
17 0.7771580219268799 0.41038399934768677 0.10143804550170898 0.13227498531341553
17 0.8013389706611633 0.21627002954483032 0.10466301441192627 0.13227498531341553
