17 0.1704699993133545 0.1484380066394806 0.12533098459243774 0.09499000757932663
17 0.3710319995880127 0.15327399969100952 0.12632298469543457 0.09375
17 0.5737429857254028 0.16083799302577972 0.1296299695968628 0.10441499948501587
17 0.77149498462677 0.1872519999742508 0.125 0.1011900007724762
17 0.7944779992103577 0.33444899320602417 0.12797605991363525 0.09598201513290405
17 0.5982139706611633 0.30257898569107056 0.1210319995880127 0.08631002902984619
17 0.3845899999141693 0.3160960078239441 0.125 0.09151798486709595
17 0.1676589995622635 0.31510400772094727 0.11375699192285538 0.07663702964782715
17 0.179067000746727 0.48276299238204956 0.12533101439476013 0.08854198455810547
17 0.390377014875412 0.47098198533058167 0.12797600030899048 0.09275799989700317
17 0.5911039710044861 0.4756940007209778 0.11805593967437744 0.09176599979400635
17 0.7837299704551697 0.4962800145149231 0.12367701530456543 0.09176599979400635
17 0.7852180004119873 0.6541420221328735 0.12929904460906982 0.09499001502990723
17 0.5838289856910706 0.6186760067939758 0.13525104522705078 0.09499001502990723
17 0.3824400007724762 0.6201639771461487 0.12929898500442505 0.08953404426574707
17 0.16269800066947937 0.6343010067939758 0.12367700785398483 0.08953404426574707
17 0.17824099957942963 0.796006977558136 0.140872985124588 0.10243093967437744
17 0.38326698541641235 0.7718250155448914 0.12764596939086914 0.09920597076416016
17 0.5896160006523132 0.7771580219268799 0.13227498531341553 0.10143804550170898
17 0.7837299704551697 0.8013389706611633 0.13227498531341553 0.10466301441192627
