15 0.7795969843864441 0.12177598476409912 0.3925260007381439 0.24355196952819824
15 0.6845239996910095 0.3164680004119873 0.4246029853820801 0.24007904529571533
15 0.5917659997940063 0.469245970249176 0.4930560290813446 0.13938498497009277
15 0.5127309560775757 0.6500499844551086 0.5353839993476868 0.19990098476409912
15 0.5582009553909302 0.8280010223388672 0.5304229855537415 0.26314496994018555
16 0.4045969843864441 0.8768600225448608 0.1994049847126007 0.1609620451927185
16 0.3544970154762268 0.68886399269104 0.22089898586273193 0.109375
16 0.42691802978515625 0.46651801466941833 0.15476202964782715 0.10168701410293579
16 0.5218249559402466 0.24925601482391357 0.18452399969100952 0.1279759407043457
16 0.662202000617981 0.06125998497009277 0.16236799955368042 0.10565495491027832
