15 0.3062170147895813 0.2884419858455658 0.09656095504760742 0.25446397066116333
15 0.1982470154762268 0.28732600808143616 0.1193779706954956 0.27157700061798096
15 0.4930559992790222 0.297122985124588 0.2718249559402466 0.19841301441192627
15 0.5009920001029968 0.3902530074119568 0.28439199924468994 0.1758430004119873
15 0.617393970489502 0.4188989996910095 0.31613796949386597 0.13392901420593262
15 0.6671630144119263 0.5725449919700623 0.1683199405670166 0.24032700061798096
15 0.8647489547729492 0.5899059772491455 0.23611098527908325 0.22544598579406738
15 0.7144509553909302 0.7553319931030273 0.32638901472091675 0.1098710298538208
15 0.5851520299911499 0.6221479773521423 0.2628970146179199 0.18874001502990723
15 0.39533698558807373 0.5865579843521118 0.20535695552825928 0.22966301441192627
16 0.9424600005149841 0.5143849849700928 0.08333301544189453 0.06993997097015381
16 0.8338289856910706 0.7580609917640686 0.07638895511627197 0.05282700061798096
16 0.7174269556999207 0.6648070216178894 0.06183898448944092 0.03447401523590088
16 0.6936179995536804 0.7063490152359009 0.08035695552825928 0.057044029235839844
16 0.3177909851074219 0.6825399994850159 0.09920597076416016 0.06349194049835205
16 0.4852839708328247 0.46689000725746155 0.0777120590209961 0.06572401523590088
16 0.6116069555282593 0.3251489996910095 0.06911402940750122 0.04960298538208008
16 0.6023479700088501 0.218873992562294 0.07903403043746948 0.06126001477241516
16 0.33267199993133545 0.19035199284553528 0.09788393974304199 0.058283984661102295
16 0.22569400072097778 0.1839040070772171 0.07308197021484375 0.07118099927902222
17 0.8531750440597534 0.5623760223388672 0.08333295583724976 0.05828404426574707
17 0.5031419992446899 0.7666170001029968 0.08498698472976685 0.06349194049835205
17 0.3831019997596741 0.747767984867096 0.09226202964782715 0.0625
17 0.29745399951934814 0.8222969770431519 0.09623003005981445 0.06473195552825928
17 0.22420597076416016 0.4997520446777344 0.0846560001373291 0.06250002980232239
17 0.24785101413726807 0.5930060148239136 0.09490704536437988 0.06795597076416016
17 0.07820802927017212 0.5040919780731201 0.08631002902984619 0.07316496968269348
17 0.1056550145149231 0.6021829843521118 0.08035695552825928 0.05605196952819824
17 0.20254600048065186 0.6918399930000305 0.0876319408416748 0.07118093967437744
17 0.07903397083282471 0.6976690292358398 0.0846560001373291 0.07886898517608643
