15 0.37596049904823303 0.7173399925231934 0.2767029404640198 0.4758455157279968
15 0.2121591866016388 0.6904762983322144 0.3020574450492859 0.4565414488315582
15 0.08196909725666046 0.6434405446052551 0.16393819451332092 0.4402361512184143
16 0.3254828453063965 0.8782553672790527 0.1728421449661255 0.1422656774520874
16 0.11879590153694153 0.8674561977386475 0.146736279129982 0.13221317529678345
16 0.01694561168551445 0.8293166756629944 0.0338912233710289 0.11895091086626053
16 0.4089834988117218 0.13678155839443207 0.13910885155200958 0.1390259861946106
16 0.6138511896133423 0.17797274887561798 0.14679861068725586 0.13679008185863495
16 0.806215226650238 0.18330781161785126 0.14672154188156128 0.13113629817962646
16 0.9504316449165344 0.17824621498584747 0.09913672506809235 0.11772734671831131
16 0.6724352240562439 0.2983035743236542 0.14499612152576447 0.13324761390686035
16 0.8670998811721802 0.2894194722175598 0.15905579924583435 0.13493399322032928
15 0.4143291115760803 0.246934711933136 0.15937508642673492 0.3642624020576477
16 0.917561948299408 0.41305452585220337 0.15601035952568054 0.1432034969329834
16 0.7066367864608765 0.4297587275505066 0.14708855748176575 0.15806016325950623
16 0.7458213567733765 0.5692806243896484 0.15878517925739288 0.1408485323190689
16 0.9569968581199646 0.5519276261329651 0.0860062912106514 0.12216509133577347
17 0.8422057032585144 0.7760421633720398 0.19288098812103271 0.14490441977977753
