17 0.36520299315452576 0.5535709857940674 0.04191499948501587 0.05753999948501587
17 0.3630949854850769 0.4657739996910095 0.04067498445510864 0.06051599979400635
17 0.36086300015449524 0.3751649856567383 0.04067498445510864 0.055886030197143555
17 0.37289199233055115 0.2787700295448303 0.04538697004318237 0.0681220293045044
17 0.4409720003604889 0.5500990152359009 0.03918701410293579 0.06183898448944092
17 0.43886399269104004 0.45552200078964233 0.0463789701461792 0.06117701530456543
17 0.43092799186706543 0.3635910153388977 0.0463789701461792 0.05787003040313721
17 0.4419640004634857 0.2655419707298279 0.0466269850730896 0.06415295600891113
17 0.513392984867096 0.5429890155792236 0.039682984352111816 0.0562170147895813
17 0.5044639706611633 0.45122402906417847 0.04365098476409912 0.057209014892578125
17 0.5065720081329346 0.3629299998283386 0.042906999588012695 0.05324101448059082
17 0.5140129923820496 0.27000701427459717 0.04588302969932556 0.06183898448944092
17 0.5793650150299072 0.5486109852790833 0.04365098476409912 0.05357098579406738
17 0.5730410218238831 0.4503970146179199 0.04588305950164795 0.056877970695495605
17 0.5720490217208862 0.36177200078964233 0.0438990592956543 0.056877970695495605
17 0.5846970081329346 0.2683529853820801 0.04489099979400635 0.05985403060913086
17 0.6537700295448303 0.5345569849014282 0.04811501502990723 0.06316101551055908
17 0.63926100730896 0.4494050145149231 0.043403029441833496 0.06084704399108887
17 0.6398810148239136 0.3558200001716614 0.05059504508972168 0.06216895580291748
17 0.654017984867096 0.2655419707298279 0.04960298538208008 0.06415295600891113
