17 0.31795600056648254 0.3350690007209778 0.05456298589706421 0.043155014514923096
17 0.3994710147380829 0.3353169858455658 0.05026501417160034 0.03670603036880493
17 0.484622985124588 0.3356890082359314 0.04993396997451782 0.03745001554489136
17 0.5653110146522522 0.34548598527908325 0.04927194118499756 0.04365098476409912
17 0.32242101430892944 0.4063740074634552 0.054233014583587646 0.03893798589706421
17 0.4095570147037506 0.4026539921760559 0.051917970180511475 0.03596198558807373
17 0.49520498514175415 0.40029799938201904 0.05522501468658447 0.04513901472091675
17 0.5783730149269104 0.4071179926395416 0.056877970695495605 0.03745001554489136
17 0.33283698558807373 0.4728420078754425 0.05919301509857178 0.038442015647888184
17 0.41451698541641235 0.467633992433548 0.0499340295791626 0.03695398569107056
17 0.49818098545074463 0.4694939851760864 0.05324101448059082 0.04067498445510864
17 0.5818449854850769 0.4724699854850769 0.055886030197143555 0.04365098476409912
17 0.3253970146179199 0.5344740152359009 0.052249014377593994 0.039682984352111816
17 0.4160049855709076 0.5292659997940063 0.04894202947616577 0.039682984352111816
17 0.49917298555374146 0.5276539921760559 0.05324101448059082 0.042906999588012695
17 0.5818449854850769 0.5364580154418945 0.05191802978515625 0.04513895511627197
17 0.5859789848327637 0.5987100005149841 0.05224895477294922 0.04365098476409912
17 0.5072749853134155 0.5908979773521423 0.05092597007751465 0.03993093967437744
17 0.41798898577690125 0.5905259847640991 0.052910029888153076 0.04513895511627197
17 0.3392859995365143 0.6031749844551086 0.052249014377593994 0.04365098476409912
