15 0.6387649774551392 0.517691969871521 0.20163697004318237 0.632606029510498
15 0.5116569995880127 0.5699399709701538 0.13293695449829102 0.594245970249176
15 0.3788440227508545 0.47701698541641235 0.15352201461791992 0.6345900297164917
15 0.19407200813293457 0.7027119994163513 0.15203404426574707 0.46957698464393616
16 0.6473209857940674 0.7261899709701538 0.12251996994018555 0.19642901420593262
16 0.6169390082359314 0.8558200001716614 0.09201395511627197 0.14417999982833862
16 0.509672999382019 0.75975501537323 0.10168695449829102 0.20998701453208923
16 0.3824399709701538 0.82225501537323 0.0887899398803711 0.13657400012016296
16 0.337302029132843 0.7177579998970032 0.11210298538208008 0.1749340146780014
16 0.14719700813293457 0.8639219999313354 0.08556497097015381 0.1557539999485016
16 0.03261399269104004 0.7571099996566772 0.06522798538208008 0.19411398470401764
16 0.9501489996910095 0.6498019695281982 0.09920597076416016 0.26124298572540283
16 0.8619790077209473 0.3085319995880127 0.2512400150299072 0.451058030128479
17 0.6063989996910095 0.11408725380897522 0.32242095470428467 0.22817450761795044
