17 0.5957340002059937 0.4556879997253418 0.030257999897003174 0.04232800006866455
17 0.5957340002059937 0.5200070142745972 0.03323400020599365 0.04596602916717529
17 0.5985859632492065 0.589946985244751 0.030506014823913574 0.04232800006866455
17 0.5913940072059631 0.6603839993476868 0.03695398569107056 0.047618985176086426
17 0.5374499559402466 0.46097898483276367 0.031745970249176025 0.04166698455810547
17 0.5388140082359314 0.5297620296478271 0.035466015338897705 0.046957969665527344
17 0.5458829998970032 0.6026790142059326 0.036705970764160156 0.046627044677734375
17 0.5394350290298462 0.672950029373169 0.03323400020599365 0.047618985176086426
17 0.48201900720596313 0.4675930142402649 0.030506014823913574 0.04100501537322998
17 0.4878469705581665 0.535053014755249 0.0317460298538208 0.047618985176086426
17 0.4873510003089905 0.6048280000686646 0.03819403052330017 0.04100501537322998
17 0.4836310148239136 0.6750990152359009 0.035714030265808105 0.047950029373168945
17 0.4300600290298462 0.4608129858970642 0.03323400020599365 0.04133594036102295
17 0.43638402223587036 0.5370370149612427 0.03645801544189453 0.0443120002746582
17 0.4376239776611328 0.6049929857254028 0.03695404529571533 0.04861104488372803
17 0.4293149709701538 0.6782410144805908 0.035714030265808105 0.046957969665527344
17 0.37264400720596313 0.47354501485824585 0.03744995594024658 0.04828000068664551
17 0.38430100679397583 0.5393519997596741 0.03695404529571533 0.047618985176086426
17 0.38405299186706543 0.6107800006866455 0.03645801544189453 0.04166698455810547
17 0.3780999779701233 0.681052029132843 0.038938045501708984 0.04728806018829346
