17 0.5096842646598816 0.661956250667572 0.04621269926428795 0.033407263457775116
17 0.5795249342918396 0.6610059142112732 0.05018772557377815 0.03668524697422981
17 0.6554927825927734 0.6630623936653137 0.0462147556245327 0.033675964921712875
17 0.7319170236587524 0.6542297601699829 0.05201343446969986 0.04073994234204292
17 0.5149461627006531 0.598732590675354 0.0455072745680809 0.035009581595659256
17 0.5896453857421875 0.5991940498352051 0.0512833297252655 0.03911809250712395
17 0.6688807606697083 0.6057752966880798 0.05093428120017052 0.040456585586071014
17 0.7451309561729431 0.5977511405944824 0.051982585340738297 0.03670967370271683
17 0.5216682553291321 0.5385802984237671 0.04477819427847862 0.033656418323516846
17 0.5949679017066956 0.5438976287841797 0.05197024345397949 0.03509758785367012
17 0.670728862285614 0.5423293113708496 0.0448419488966465 0.04198569804430008
17 0.7470016479492188 0.5372607707977295 0.05236261337995529 0.039401452988386154
17 0.5138753056526184 0.48238760232925415 0.045160215348005295 0.03661683574318886
17 0.5966954827308655 0.48811280727386475 0.04841843619942665 0.04015374183654785
17 0.6704956293106079 0.48845210671424866 0.0530906580388546 0.04075466841459274
17 0.7499629855155945 0.47836774587631226 0.051285386085510254 0.039386797696352005
17 0.5272242426872253 0.4199943244457245 0.052735310047864914 0.041287049651145935
17 0.5987772941589355 0.4316513240337372 0.05201343446969986 0.040740009397268295
17 0.6763352155685425 0.4303272068500519 0.04554635286331177 0.04011465981602669
17 0.7525905966758728 0.42283934354782104 0.05167055130004883 0.04288460686802864
