17 0.47073400020599365 0.6780750155448914 0.16617098450660706 0.23710298538208008
17 0.734870970249176 0.4442789554595947 0.16815495491027832 0.2357800006866455
17 0.9197670221328735 0.788856029510498 0.16046595573425293 0.277446985244751
15 0.34238600730895996 0.20436501502990723 0.4680060148239136 0.40806901454925537
16 0.17844699323177338 0.059853971004486084 0.13368099927902222 0.11904799938201904
16 0.0663440003991127 0.2819109857082367 0.13169600069522858 0.2159389853477478
15 0.16914701461791992 0.31498000025749207 0.33779799938201904 0.3336640000343323
17 0.959077000617981 0.3680559992790222 0.08184504508972168 0.25595200061798096
15 0.790427029132843 0.1590609848499298 0.3784719705581665 0.3062170147895813
19 0.5488590002059937 0.14103800058364868 0.1324399709701538 0.12070095539093018
