16 0.060102254152297974 0.22288113832473755 0.12020450830459595 0.2618061602115631
16 0.011704258620738983 0.10390346497297287 0.023408517241477966 0.20780692994594574
16 0.22121641039848328 0.1856047660112381 0.44243282079696655 0.3712095320224762
16 0.19196590781211853 0.12943634390830994 0.38393181562423706 0.2588726878166199
16 0.006176469381898642 0.13455308973789215 0.012352938763797283 0.2691061794757843
16 0.019224952906370163 0.8982383012771606 0.038449905812740326 0.20352336764335632
16 0.04251754283905029 0.951370120048523 0.08503508567810059 0.09725973755121231
16 0.07472021132707596 0.9902083277702332 0.14944042265415192 0.01958335004746914
16 0.10513190925121307 0.3806789219379425 0.21026381850242615 0.2618061602115631
16 0.17030242085456848 0.5149459838867188 0.18023042380809784 0.21627476811408997
15 0.36710214614868164 0.5289509296417236 0.20898956060409546 0.25677528977394104
15 0.6611398458480835 0.6878263354301453 0.16979078948497772 0.20251567661762238
15 0.5264303088188171 0.8903601169586182 0.1870909184217453 0.21927978098392487
15 0.8523480296134949 0.41957470774650574 0.17354941368103027 0.20807082951068878
15 0.6432127356529236 0.39091190695762634 0.14264002442359924 0.1819344162940979
15 0.5534331202507019 0.4419099986553192 0.17029127478599548 0.21410679817199707
15 0.9609811902046204 0.5051141381263733 0.07803762704133987 0.18821434676647186
15 0.49474045634269714 0.9634461998939514 0.17275238037109375 0.07310758531093597
15 0.26533371210098267 0.262905091047287 0.5306674242019653 0.525810182094574
15 0.3287646472454071 0.3574330806732178 0.5890753269195557 0.6417070627212524
15 0.18586532771587372 0.6785565614700317 0.37173065543174744 0.44046932458877563
