17 0.35735341906547546 0.1369658261537552 0.09605538100004196 0.0931597650051117
17 0.49916452169418335 0.17857156693935394 0.09552523493766785 0.09814050048589706
17 0.6454849243164062 0.21929167211055756 0.09888573735952377 0.09385132044553757
17 0.7869778871536255 0.27858421206474304 0.10479137301445007 0.09924311935901642
17 0.7877575755119324 0.3923128545284271 0.10043994337320328 0.09632162004709244
17 0.6442205905914307 0.33016079664230347 0.09858842939138412 0.0916881412267685
17 0.4894059896469116 0.3004086911678314 0.09915141761302948 0.0869467705488205
17 0.34364059567451477 0.26156318187713623 0.10759015381336212 0.09086694568395615
17 0.33887192606925964 0.3884701132774353 0.11139426380395889 0.10085649788379669
17 0.47962120175361633 0.4141644835472107 0.0998452752828598 0.0919952318072319
17 0.6201496124267578 0.4544641077518463 0.09311121702194214 0.08942071348428726
17 0.7615906596183777 0.5046753883361816 0.10196203738451004 0.09855184704065323
17 0.7427698969841003 0.6156023144721985 0.10887864232063293 0.10024183243513107
17 0.6055805087089539 0.5604676604270935 0.10366807878017426 0.09107012301683426
17 0.46255382895469666 0.5217934250831604 0.09845627844333649 0.09072665870189667
17 0.3071107864379883 0.49188774824142456 0.10957485437393188 0.09646304696798325
17 0.3033504784107208 0.6161841750144958 0.10014257580041885 0.09415838867425919
17 0.44373220205307007 0.6280010342597961 0.09918305277824402 0.09601456671953201
17 0.5866103172302246 0.6677558422088623 0.09704641997814178 0.10037048161029816
17 0.7325779795646667 0.7216816544532776 0.11157583445310593 0.09997166693210602
