15 0.3592919707298279 0.56386399269104 0.44411396980285645 0.1951880156993866
15 0.67774498462677 0.5132690072059631 0.4255949854850769 0.11532700061798096
15 0.47585999965667725 0.36929601430892944 0.11375701427459717 0.23710298538208008
15 0.3586310148239136 0.3670629858970642 0.11474895477294922 0.22867101430892944
15 0.541996955871582 0.352059006690979 0.125 0.23735100030899048
16 0.892857015132904 0.4694939851760864 0.125 0.05605196952819824
16 0.892195999622345 0.4248510003089905 0.13227498531341553 0.061507999897003174
16 0.8381279706954956 0.38504499197006226 0.09622997045516968 0.05282700061798096
16 0.5269509553909302 0.27864599227905273 0.051917970180511475 0.0776289850473404
16 0.4470900297164917 0.2932789921760559 0.0674600601196289 0.0979660153388977
16 0.33911997079849243 0.3095239996910095 0.07903397083282471 0.10019803047180176
16 0.8209329843521118 0.5359619855880737 0.15376996994018555 0.08531701564788818
16 0.21279799938201904 0.6243799924850464 0.14517199993133545 0.1088789701461792
16 0.08548301458358765 0.5989580154418945 0.12665295600891113 0.10118997097015381
16 0.04199725389480591 0.5110369920730591 0.08399450778961182 0.09598198533058167
