17 0.9306851029396057 0.019765395671129227 0.10748124122619629 0.03953079134225845
17 0.9676300287246704 0.19038641452789307 0.06473996490240097 0.13324233889579773
17 0.8848773837089539 0.05956580489873886 0.10784894227981567 0.11913160979747772
17 0.5510013699531555 0.9311286211013794 0.11599365621805191 0.1377427726984024
17 0.4388295114040375 0.8057833313941956 0.10901457816362381 0.13853275775909424
17 0.31474217772483826 0.6668543815612793 0.10104573518037796 0.12804116308689117
17 0.2063870131969452 0.5244011878967285 0.09569510817527771 0.12303803116083145
17 0.3480135500431061 0.5753470063209534 0.10965367406606674 0.13908453285694122
17 0.2368314266204834 0.42482811212539673 0.10005462914705276 0.1274927854537964
17 0.47523778676986694 0.706113874912262 0.1120809018611908 0.14087209105491638
17 0.5951160192489624 0.8402189612388611 0.10655497014522552 0.13471832871437073
17 0.6375536918640137 0.7473092079162598 0.10340888053178787 0.1311570554971695
17 0.5126457214355469 0.6210065484046936 0.10465472936630249 0.13177138566970825
17 0.4011515974998474 0.4867141842842102 0.10519786179065704 0.13316263258457184
17 0.28917068243026733 0.34658658504486084 0.10856744647026062 0.13783933222293854
17 0.3356657326221466 0.2700873017311096 0.11554647237062454 0.14624659717082977
17 0.4441411793231964 0.4167496860027313 0.10864763706922531 0.1375243365764618
17 0.5606732964515686 0.5450580716133118 0.10748124122619629 0.13659417629241943
17 0.6967220306396484 0.6859408020973206 0.10366439819335938 0.1312239021062851
17 0.7316933870315552 0.5870359539985657 0.10439953953027725 0.13324233889579773
