17 0.4020340144634247 0.4431219696998596 0.024802029132843018 0.03306901454925537
17 0.4027779996395111 0.49503999948501587 0.024802029132843018 0.03373003005981445
17 0.40128999948501587 0.5472880005836487 0.024305999279022217 0.03439199924468994
17 0.4089779853820801 0.5992059707641602 0.025794029235839844 0.036375999450683594
17 0.44717299938201904 0.6097880005836487 0.02628999948501587 0.03373003005981445
17 0.4403519928455353 0.556547999382019 0.027530014514923096 0.03306901454925537
17 0.444568008184433 0.4995039999485016 0.02653801441192627 0.03736799955368042
17 0.44754499197006226 0.4472549855709076 0.02604198455810547 0.0380290150642395
17 0.4888390004634857 0.45072799921035767 0.02628999948501587 0.03240692615509033
17 0.484622985124588 0.504298985004425 0.02331298589706421 0.03373003005981445
17 0.484375 0.5555559992790222 0.025794029235839844 0.03240704536437988
17 0.4883430004119873 0.6081349849700928 0.027281999588012695 0.03373003005981445
17 0.5282739996910095 0.44841301441192627 0.025794029235839844 0.03373003005981445
17 0.5250499844551086 0.5052909851074219 0.027778029441833496 0.035714030265808105
17 0.5245540142059326 0.5575399994850159 0.028769969940185547 0.03505301475524902
17 0.530381977558136 0.610450029373169 0.02802598476409912 0.036375999450683594
17 0.5683280229568481 0.6127650141716003 0.02703404426574707 0.03439199924468994
17 0.56386399269104 0.5603510141372681 0.031497955322265625 0.03538393974304199
17 0.5628719925880432 0.5056220293045044 0.02752995491027832 0.03373003005981445
17 0.5705609917640686 0.45552200078964233 0.029018044471740723 0.03802907466888428
