16 0.29509222507476807 0.7576868534088135 0.2175663709640503 0.2905348241329193
16 0.34797418117523193 0.5974857807159424 0.1589156687259674 0.21819894015789032
16 0.3555929660797119 0.513591468334198 0.13161134719848633 0.18364793062210083
16 0.3729240596294403 0.4575808346271515 0.13863790035247803 0.19058869779109955
16 0.3948248028755188 0.3945612907409668 0.12204591929912567 0.16803522408008575
16 0.4744369387626648 0.4958885610103607 0.15789943933486938 0.2201753556728363
16 0.4838032126426697 0.4095641076564789 0.13914678990840912 0.1901751458644867
16 0.46843406558036804 0.35419195890426636 0.11289608478546143 0.15285156667232513
16 0.47737976908683777 0.31808537244796753 0.10662638396024704 0.14836135506629944
16 0.6105117797851562 0.40311574935913086 0.160709410905838 0.2194247543811798
16 0.5974364280700684 0.3070472478866577 0.13052338361740112 0.17303095757961273
16 0.5668413043022156 0.2701006531715393 0.1098259687423706 0.14154493808746338
16 0.5716760158538818 0.22948990762233734 0.09307200461626053 0.12602263689041138
16 0.6611788868904114 0.16125647723674774 0.1242000088095665 0.1708848774433136
15 0.37384194135665894 0.7945722341537476 0.40502917766571045 0.4108555316925049
15 0.550123393535614 0.6768819689750671 0.3959785997867584 0.594481885433197
15 0.6766173243522644 0.581917941570282 0.38279107213020325 0.5630281567573547
