17 0.5568780303001404 0.4020340144634247 0.03306901454925537 0.024802029132843018
17 0.5049600005149841 0.4027779996395111 0.03373003005981445 0.024802029132843018
17 0.4527119994163513 0.40128999948501587 0.03439199924468994 0.024305999279022217
17 0.40079402923583984 0.4089779853820801 0.036375999450683594 0.025794029235839844
17 0.3902119994163513 0.44717299938201904 0.03373003005981445 0.02628999948501587
17 0.44345200061798096 0.4403519928455353 0.03306901454925537 0.027530014514923096
17 0.5004960298538208 0.444568008184433 0.03736799955368042 0.02653801441192627
17 0.55274498462677 0.44754499197006226 0.0380290150642395 0.02604198455810547
17 0.5492720007896423 0.4888390004634857 0.03240692615509033 0.02628999948501587
17 0.49570101499557495 0.484622985124588 0.03373003005981445 0.02331298589706421
17 0.4444440007209778 0.484375 0.03240704536437988 0.025794029235839844
17 0.3918650150299072 0.4883430004119873 0.03373003005981445 0.027281999588012695
17 0.5515869855880737 0.5282739996910095 0.03373003005981445 0.025794029235839844
17 0.4947090148925781 0.5250499844551086 0.035714030265808105 0.027778029441833496
17 0.44246000051498413 0.5245540142059326 0.03505301475524902 0.028769969940185547
17 0.38954997062683105 0.530381977558136 0.036375999450683594 0.02802598476409912
17 0.38723498582839966 0.5683280229568481 0.03439199924468994 0.02703404426574707
17 0.43964898586273193 0.56386399269104 0.03538393974304199 0.031497955322265625
17 0.4943779706954956 0.5628719925880432 0.03373003005981445 0.02752995491027832
17 0.5444779992103577 0.5705609917640686 0.03802907466888428 0.029018044471740723
