15 0.00427641486749053 0.260837197303772 0.00855282973498106 0.12467354536056519
15 0.5371173620223999 0.7893799543380737 0.35228675603866577 0.16603346168994904
15 0.677241325378418 0.6970679759979248 0.31862178444862366 0.17262348532676697
15 0.8110798001289368 0.6310462355613708 0.37784042954444885 0.15361100435256958
15 0.8707045912742615 0.5752589106559753 0.25859081745147705 0.11227308958768845
15 0.8676336407661438 0.5029478073120117 0.2647327780723572 0.10825790464878082
15 0.23448216915130615 0.5788864493370056 0.3094814717769623 0.23026038706302643
15 0.14776210486888885 0.42410799860954285 0.28949710726737976 0.12525756657123566
15 0.373987078666687 0.44572702050209045 0.3030589818954468 0.22499039769172668
15 0.11890361458063126 0.2977041006088257 0.22517259418964386 0.12467354536056519
15 0.24502134323120117 0.21163524687290192 0.36398643255233765 0.1394459754228592
16 0.47436216473579407 0.1778365522623062 0.38797783851623535 0.20957601070404053
16 0.6514531970024109 0.8317945599555969 0.10339853167533875 0.07694867998361588
16 0.80485600233078 0.753853976726532 0.09690883010625839 0.07096622884273529
16 0.9380707144737244 0.6810135841369629 0.0714542344212532 0.05950891226530075
16 0.9763108491897583 0.6165787577629089 0.04737824574112892 0.05860116332769394
16 0.11534129828214645 0.49312400817871094 0.08840522170066833 0.07166396826505661
16 0.26608067750930786 0.35977423191070557 0.08704394102096558 0.07120512425899506
17 0.11571341753005981 0.18036751449108124 0.11102399975061417 0.08452162146568298
17 0.29807376861572266 0.309974730014801 0.08548013120889664 0.07211539894342422
17 0.45756062865257263 0.3657623529434204 0.09950697422027588 0.0847218856215477
17 0.5870527625083923 0.40236523747444153 0.08161433786153793 0.07661911100149155
17 0.6191558837890625 0.5030262470245361 0.09069321304559708 0.08209553360939026
17 0.749289870262146 0.5345520377159119 0.09131530672311783 0.08523748070001602
17 0.7519775629043579 0.4271073639392853 0.11631739139556885 0.08118903636932373
17 0.7763208746910095 0.32252058386802673 0.11815065145492554 0.10089728981256485
17 0.6064394116401672 0.30539649724960327 0.12202438712120056 0.11065497994422913
16 0.44645553827285767 0.25495192408561707 0.10932863503694534 0.08400741964578629
