17 0.2472652643918991 0.040245261043310165 0.27787622809410095 0.08049052208662033
17 0.08274625986814499 0.21061809360980988 0.16549251973628998 0.225531667470932
17 0.4095955789089203 0.08159606903791428 0.27787622809410095 0.16319213807582855
17 0.18361221253871918 0.28809791803359985 0.267922043800354 0.225531667470932
17 0.025200100615620613 0.537595272064209 0.050400201231241226 0.21308055520057678
17 0.5918241143226624 0.15434132516384125 0.2481357604265213 0.21338804066181183
17 0.351175457239151 0.3960762023925781 0.24866883456707 0.20477177202701569
17 0.12415708601474762 0.6439102292060852 0.24831417202949524 0.20891107618808746
17 0.29852962493896484 0.7277771830558777 0.2515549659729004 0.20957531034946442
17 0.5097796320915222 0.4945361912250519 0.23763947188854218 0.2039140909910202
17 0.7734502553939819 0.238691046833992 0.24539455771446228 0.211356520652771
17 0.8996280431747437 0.36348384618759155 0.20074394345283508 0.20531804859638214
