17 0.140748992562294 0.23313498497009277 0.09697399288415909 0.12367701530456543
17 0.14657700061798096 0.4408070147037506 0.09821400046348572 0.11640197038650513
17 0.1757189929485321 0.660053014755249 0.09151798486709595 0.13492095470428467
17 0.3309769928455353 0.8196099996566772 0.09151798486709595 0.12665295600891113
17 0.34126999974250793 0.6183859705924988 0.09920603036880493 0.12367701530456543
17 0.320809006690979 0.4163359999656677 0.09697401523590088 0.13095200061798096
17 0.2974950075149536 0.20932501554489136 0.0895339846611023 0.13095200061798096
17 0.4523810148239136 0.20651501417160034 0.08631002902984619 0.11078000068664551
17 0.461434006690979 0.40988799929618835 0.08953401446342468 0.12929898500442505
17 0.48152297735214233 0.6025130152702332 0.10342296957969666 0.12632298469543457
17 0.48152297735214233 0.8043980002403259 0.09498998522758484 0.13657402992248535
17 0.6319440007209778 0.8101850152015686 0.0982140302658081 0.1164020299911499
17 0.6351690292358398 0.6125990152359009 0.0982140302658081 0.11805605888366699
17 0.6189240217208862 0.41121000051498413 0.09796595573425293 0.13525092601776123
17 0.6049110293388367 0.20353800058364868 0.09375 0.1306220293045044
17 0.7521079778671265 0.17261898517608643 0.09250998497009277 0.14087295532226562
17 0.7746779918670654 0.3789680004119873 0.10143804550170898 0.1335979700088501
17 0.7855899930000305 0.586143970489502 0.09697401523590088 0.13657402992248535
17 0.790922999382019 0.806547999382019 0.10367095470428467 0.13227498531341553
