15 0.02450326643884182 0.017612557858228683 0.04900653287768364 0.03522511571645737
15 0.08804843574762344 0.044291432946920395 0.1760968714952469 0.08858286589384079
15 0.10373509675264359 0.002773352898657322 0.20747019350528717 0.005546705797314644
15 0.1461157351732254 0.0007678922265768051 0.2922314703464508 0.0015357844531536102
15 0.08098912984132767 0.043639175593853 0.14249888062477112 0.087278351187706
15 0.1350872814655304 0.012804707512259483 0.15413913130760193 0.025609415024518967
15 0.015552166849374771 0.7284157872200012 0.031104333698749542 0.29135000705718994
15 0.031107600778341293 0.9823904633522034 0.06221520155668259 0.03521903231739998
15 0.09500546753406525 0.9493729472160339 0.1900109350681305 0.1012541651725769
15 0.13259491324424744 0.9910354018211365 0.2651898264884949 0.01792920008301735
15 0.0044032917357981205 0.8417544364929199 0.008806583471596241 0.09733570367097855
15 0.2589553892612457 0.49201691150665283 0.38359296321868896 0.29135000705718994
15 0.3010057508945465 0.31282341480255127 0.34199798107147217 0.28955748677253723
15 0.44606834650039673 0.5226077437400818 0.34313520789146423 0.3029707074165344
15 0.2772851586341858 0.20912979543209076 0.34383323788642883 0.30431386828422546
15 0.3739360272884369 0.18461132049560547 0.2899242341518402 0.26381203532218933
15 0.4149353504180908 0.14196377992630005 0.3202064037322998 0.2839275598526001
16 0.6328902840614319 0.2427297830581665 0.3334837257862091 0.2975337505340576
16 0.6841090321540833 0.1811082661151886 0.3475404381752014 0.3091467618942261
16 0.5282767415046692 0.32988324761390686 0.3078067898750305 0.22342970967292786
16 0.7275232672691345 0.4078109562397003 0.346985787153244 0.27167844772338867
16 0.8758200407028198 0.49096304178237915 0.24835988879203796 0.2897709310054779
16 0.7604740858078003 0.488688588142395 0.3724646270275116 0.3167482614517212
16 0.7745236158370972 0.5921471118927002 0.3442949950695038 0.30130183696746826
16 0.7387114763259888 0.6401649117469788 0.3337635397911072 0.30096352100372314
16 0.5483178496360779 0.7161658406257629 0.28860822319984436 0.20110896229743958
16 0.6248401403427124 0.7950395941734314 0.27961140871047974 0.1886519193649292
16 0.753111720085144 0.8235466480255127 0.26869457960128784 0.17912420630455017
16 0.2765948176383972 0.40063363313674927 0.14603237807750702 0.11488110572099686
16 0.19982360303401947 0.25788092613220215 0.13526278734207153 0.11155850440263748
16 0.39943525195121765 0.4287913739681244 0.12050342559814453 0.10134425759315491
16 0.18043245375156403 0.128072127699852 0.14249888062477112 0.11700703203678131
16 0.28279629349708557 0.10809988528490067 0.15413913130760193 0.13000325858592987
16 0.3361605703830719 0.07065179944038391 0.14764463901519775 0.12497249245643616
17 0.5715028047561646 0.2665141224861145 0.10827326029539108 0.08210472017526627
17 0.5421082377433777 0.16469141840934753 0.13790342211723328 0.11346834152936935
