15 0.20072799921035767 0.65761399269104 0.3465610146522522 0.10788702964782715
15 0.16848500072956085 0.5762649774551392 0.3363099992275238 0.07663697004318237
15 0.24966900050640106 0.4727180004119873 0.3551590144634247 0.08531701564788818
15 0.3186179995536804 0.39298099279403687 0.3349870443344116 0.1088789701461792
15 0.44064199924468994 0.25595200061798096 0.32638904452323914 0.09375
16 0.07853800058364868 0.6727429628372192 0.09623000025749207 0.07316499948501587
16 0.05687800049781799 0.5730409622192383 0.11044999957084656 0.07663697004318237
16 0.14814800024032593 0.47966301441192627 0.13822799921035767 0.04960298538208008
16 0.2028769999742508 0.36173099279403687 0.08895501494407654 0.08308494091033936
16 0.3120039999485016 0.23970699310302734 0.08630996942520142 0.05927598476409912
17 0.2574400007724762 0.8101440072059631 0.08366400003433228 0.06572401523590088
17 0.3961640000343323 0.7907990217208862 0.09060800075531006 0.06373998522758484
17 0.41716301441192627 0.6856399774551392 0.09490698575973511 0.0667160153388977
17 0.37185800075531006 0.5832090377807617 0.10218298435211182 0.058283984661102295
17 0.5342260003089905 0.7783980369567871 0.0704369843006134 0.058283984661102295
17 0.672950029373169 0.7703369855880737 0.08333301544189453 0.0699400007724762
17 0.8096889853477478 0.7605410218238831 0.08631002902984619 0.06572398543357849
17 0.5636569857597351 0.6700149774551392 0.09755301475524902 0.07018798589706421
17 0.7002310156822205 0.6672869920730591 0.08035695552825928 0.058283984661102295
17 0.8397819995880127 0.6490579843521118 0.08631002902984619 0.06051599979400635
17 0.5262899994850159 0.5691959857940674 0.10085999965667725 0.0625
17 0.6679890155792236 0.56113600730896 0.09060800075531006 0.06770801544189453
17 0.836143970489502 0.5384420156478882 0.0876319408416748 0.06795603036880493
17 0.8771489858627319 0.4350200295448303 0.10085999965667725 0.07886898517608643
