16 0.10292702913284302 0.6818780303001404 0.11359095573425293 0.19510598480701447
16 0.2860860228538513 0.833499014377594 0.08308494091033936 0.1312830150127411
16 0.3400300145149231 0.9037699699401855 0.07440495491027832 0.10978800058364868
16 0.3896329998970032 0.8419309854507446 0.08382904529571533 0.12037000060081482
16 0.5069440007209778 0.91600501537323 0.08482098579406738 0.140872985124588
16 0.6040430068969727 0.8721889853477478 0.0825890302658081 0.11739400029182434
16 0.5875500440597534 0.9246029853820801 0.08482098579406738 0.11507900804281235
16 0.9095979928970337 0.4601519703865051 0.09846198558807373 0.10350501537322998
16 0.7177579998970032 0.6711310148239136 0.09523797035217285 0.1312829852104187
16 0.6932039856910706 0.5816799998283386 0.07837307453155518 0.08664000034332275
16 0.8160959482192993 0.15922600030899048 0.1207839846611023 0.12070095539093018
16 0.521577000617981 0.31167298555374146 0.0887899398803711 0.10548901557922363
16 0.39570897817611694 0.4178239703178406 0.0815969705581665 0.1345900297164917
16 0.4492809772491455 0.21957701444625854 0.10094201564788818 0.12367701530456543
15 0.6816719770431519 0.54100501537323 0.1832839846611023 0.3743390440940857
15 0.13442498445510864 0.568452000617981 0.16716301441192627 0.4437830150127411
15 0.3123760223388672 0.29464298486709595 0.3583829402923584 0.28042304515838623
15 0.6955609917640686 0.27711600065231323 0.32961297035217285 0.3432539701461792
15 0.468502014875412 0.5363759994506836 0.1135910153388977 0.3134920299053192
15 0.6068949699401855 0.6445109844207764 0.2688489556312561 0.21031701564788818
15 0.8169639706611633 0.5052909851074219 0.30158698558807373 0.1812169849872589
15 0.5813490152359009 0.4909060001373291 0.18402796983718872 0.2443779706954956
15 0.4964039921760559 0.830191969871521 0.09598195552825928 0.280754029750824
15 0.5912699699401855 0.8103510141372681 0.10317498445510864 0.23247399926185608
15 0.28757399320602417 0.7582669854164124 0.10094201564788818 0.29232800006866455
