17 0.27414000034332275 0.180307999253273 0.09060800075531006 0.07440498471260071
17 0.42427200078964233 0.1872519999742508 0.0892859697341919 0.07986101508140564
17 0.5788689851760864 0.19221200048923492 0.09358501434326172 0.07440498471260071
17 0.7311509847640991 0.21689000725746155 0.09920597076416016 0.07862098515033722
17 0.7478510141372681 0.33023300766944885 0.09490704536437988 0.07663697004318237
17 0.5930889844894409 0.30319899320602417 0.09358501434326172 0.07217299938201904
17 0.4313820004463196 0.31126001477241516 0.09490698575973511 0.06696397066116333
17 0.27761200070381165 0.3080359995365143 0.10350501537322998 0.06894797086715698
17 0.2905089855194092 0.43588799238204956 0.10615098476409912 0.0786210298538208
17 0.4373350143432617 0.42720699310302734 0.09490698575973511 0.07217299938201904
17 0.5859789848327637 0.4331600069999695 0.08796298503875732 0.07118099927902222
17 0.7369379997253418 0.4487850069999695 0.09623003005981445 0.0786210298538208
17 0.733299970626831 0.5641120076179504 0.10350501537322998 0.0786210298538208
17 0.5859789848327637 0.5425350069999695 0.09920597076416016 0.07018804550170898
17 0.43501999974250793 0.5388140082359314 0.09358501434326172 0.07118093967437744
17 0.2726520001888275 0.546875 0.10482800006866455 0.07440495491027832
17 0.28621000051498413 0.671875 0.09490698575973511 0.07440495491027832
17 0.4307210147380829 0.649429976940155 0.09358501434326172 0.07663702964782715
17 0.5816799998283386 0.6542659997940063 0.09060800075531006 0.08184504508972168
17 0.7377650141716003 0.6724950075149536 0.10648095607757568 0.0776289701461792
