17 0.3964950144290924 0.6630699634552002 0.06613796949386597 0.058283984661102295
17 0.5112429857254028 0.6667909622192383 0.07671999931335449 0.05183500051498413
17 0.6241729855537415 0.6677830219268799 0.07704997062683105 0.0627480149269104
17 0.739749014377594 0.6558780074119568 0.08002603054046631 0.06572401523590088
17 0.3961640000343323 0.5711809992790222 0.076058030128479 0.04960298538208008
17 0.5180219411849976 0.5726690292358398 0.0783730149269104 0.05605202913284302
17 0.639549970626831 0.584077000617981 0.07076704502105713 0.057044029235839844
17 0.7572749853134155 0.5682039856910706 0.07870399951934814 0.06349200010299683
17 0.756447970867157 0.47817498445510864 0.07704997062683105 0.05654799938201904
17 0.6420300006866455 0.4880949854850769 0.07374298572540283 0.05307498574256897
17 0.5310850143432617 0.48983097076416016 0.07076698541641235 0.05059501528739929
17 0.4123679995536804 0.4774309992790222 0.08201098442077637 0.05357098579406738
17 0.4069109559059143 0.389756977558136 0.06845200061798096 0.05381906032562256
17 0.5295969843864441 0.4019100069999695 0.07704997062683105 0.054811954498291016
17 0.6443449854850769 0.40116602182388306 0.07374298572540283 0.061756014823913574
17 0.7610780000686646 0.38913702964782715 0.07704997062683105 0.0615079402923584
17 0.7648810148239136 0.3049359917640686 0.08002603054046631 0.05927598476409912
17 0.6542659997940063 0.3152279853820801 0.08300304412841797 0.06398797035217285
17 0.5327379703521729 0.3164680004119873 0.08333301544189453 0.06398797035217285
17 0.4231150150299072 0.2993549704551697 0.07175898551940918 0.05654799938201904
