17 0.5443120002746582 0.40426599979400635 0.04232800006866455 0.030257999897003174
17 0.47999298572540283 0.40426599979400635 0.04596602916717529 0.03323400020599365
17 0.410053014755249 0.40141400694847107 0.04232800006866455 0.030506014823913574
17 0.33961600065231323 0.40860599279403687 0.047618985176086426 0.03695398569107056
17 0.5390210151672363 0.46255001425743103 0.04166698455810547 0.031745970249176025
17 0.47023797035217285 0.4611859917640686 0.046957969665527344 0.035466015338897705
17 0.3973209857940674 0.4541170001029968 0.046627044677734375 0.036705970764160156
17 0.32704997062683105 0.4605650007724762 0.047618985176086426 0.03323400020599365
17 0.5324069857597351 0.5179809927940369 0.04100501537322998 0.030506014823913574
17 0.464946985244751 0.5121530294418335 0.047618985176086426 0.0317460298538208
17 0.39517199993133545 0.5126489996910095 0.04100501537322998 0.03819403052330017
17 0.3249009847640991 0.5163689851760864 0.047950029373168945 0.035714030265808105
17 0.5391870141029358 0.5699399709701538 0.04133594036102295 0.03323400020599365
17 0.4629629850387573 0.5636159777641296 0.0443120002746582 0.03645801544189453
17 0.39500701427459717 0.5623760223388672 0.04861104488372803 0.03695404529571533
17 0.3217589855194092 0.5706850290298462 0.046957969665527344 0.035714030265808105
17 0.5264549851417542 0.6273559927940369 0.04828000068664551 0.03744995594024658
17 0.4606480002403259 0.6156989932060242 0.047618985176086426 0.03695404529571533
17 0.3892199993133545 0.6159470081329346 0.04166698455810547 0.03645801544189453
17 0.318947970867157 0.6219000220298767 0.04728806018829346 0.038938045501708984
