17 0.1914680004119873 0.09623000025749207 0.1898149847984314 0.14781701564788818
17 0.46511203050613403 0.0901540070772171 0.18551602959632874 0.1401289999485016
17 0.7577710151672363 0.06386400014162064 0.17824101448059082 0.12624000012874603
17 0.20271199941635132 0.32304099202156067 0.1812170147895813 0.1207839846611023
17 0.4824739992618561 0.305431991815567 0.16269797086715698 0.13913698494434357
17 0.7619050145149231 0.30270299315452576 0.1699739694595337 0.13368099927902222
17 0.7577710151672363 0.506447970867157 0.16964304447174072 0.13591301441192627
17 0.4960319995880127 0.506447970867157 0.17261898517608643 0.11656701564788818
17 0.19642899930477142 0.5323659777641296 0.17989400029182434 0.11880001425743103
17 0.23379600048065186 0.7452880144119263 0.1653439998626709 0.13492095470428467
17 0.496196985244751 0.7016370296478271 0.16964301466941833 0.13392901420593262
17 0.77149498462677 0.7048609852790833 0.17129600048065186 0.14236104488372803
