15 0.5517424941062927 0.772277295589447 0.37653717398643494 0.13806703686714172
15 0.5264103412628174 0.7036350965499878 0.36935561895370483 0.13788636028766632
15 0.49509498476982117 0.6337518095970154 0.4020794630050659 0.14878499507904053
15 0.45260554552078247 0.5448130369186401 0.4432826340198517 0.15012933313846588
15 0.421030193567276 0.44350335001945496 0.46380943059921265 0.16577763855457306
15 0.41336414217948914 0.28126710653305054 0.3871300518512726 0.14174315333366394
15 0.4522719383239746 0.3644653260707855 0.36810678243637085 0.13670657575130463
16 0.6980016231536865 0.7595610618591309 0.08758817613124847 0.0666130930185318
16 0.6918200850486755 0.7116288542747498 0.05918703228235245 0.05755180865526199
16 0.676871120929718 0.6926625967025757 0.07236816734075546 0.06258364021778107
16 0.6726720929145813 0.6487906575202942 0.052531901746988297 0.037374671548604965
16 0.6881204843521118 0.6196239590644836 0.0559852309525013 0.05078203231096268
16 0.6666596531867981 0.6178502440452576 0.06968478858470917 0.05664382874965668
16 0.6656093597412109 0.5874726176261902 0.06002815067768097 0.04724794626235962
16 0.6610605716705322 0.5583642721176147 0.04538208991289139 0.03872207924723625
16 0.6371303200721741 0.5223488211631775 0.06354254484176636 0.06091725826263428
16 0.6470907926559448 0.4844503104686737 0.046145129948854446 0.040600139647722244
16 0.6355463862419128 0.41575250029563904 0.045930247753858566 0.06749587506055832
16 0.605535089969635 0.4157761335372925 0.07386835664510727 0.0704009085893631
16 0.615199625492096 0.37143582105636597 0.05497177690267563 0.04226665571331978
16 0.6115022301673889 0.3415406346321106 0.06293118000030518 0.05829717591404915
16 0.600415050983429 0.2888517677783966 0.048328135162591934 0.033267274498939514
16 0.5723368525505066 0.2594563066959381 0.08430394530296326 0.06923077255487442
