16 0.011674231849610806 0.11830806732177734 0.02334846369922161 0.17544697225093842
16 0.33811408281326294 0.006821768824011087 0.15379995107650757 0.013643537648022175
16 0.2970034182071686 0.01468412484973669 0.2543664574623108 0.02936824969947338
16 0.05393644794821739 0.10524779558181763 0.10787289589643478 0.21049559116363525
16 0.04147960990667343 0.99534672498703 0.08295921981334686 0.009306560270488262
16 0.017079107463359833 0.8826591968536377 0.034158214926719666 0.10360133647918701
16 0.0008881522808223963 0.7325249910354614 0.0017763045616447926 0.35395297408103943
16 0.3736049234867096 0.8358340263366699 0.12651203572750092 0.13399866223335266
16 0.18806864321231842 0.5120832920074463 0.15346655249595642 0.1580517739057541
17 0.05444891378283501 0.39037033915519714 0.10889782756567001 0.17544697225093842
17 0.40521156787872314 0.145803764462471 0.15379995107650757 0.16244353353977203
17 0.6927822828292847 0.24125581979751587 0.1277504414319992 0.14960183203220367
17 0.5797616839408875 0.28780117630958557 0.10901597142219543 0.12918882071971893
17 0.7029067277908325 0.31209126114845276 0.1373390555381775 0.13259607553482056
17 0.41761812567710876 0.6399691104888916 0.16585692763328552 0.15828703343868256
17 0.2361772060394287 0.5670012831687927 0.1614154726266861 0.16249535977840424
15 0.4711197316646576 0.9237146973609924 0.16528241336345673 0.15257060527801514
15 0.6288644671440125 0.7690891027450562 0.15634289383888245 0.1638651043176651
15 0.4852238893508911 0.7491664290428162 0.1130928099155426 0.12382092326879501
15 0.9654784202575684 0.4877893328666687 0.06904320418834686 0.12887205183506012
15 0.12369691580533981 0.9667326807975769 0.12326962500810623 0.06653465330600739
15 0.04355128854513168 0.8584882616996765 0.06769043207168579 0.10360133647918701
15 0.2579963803291321 0.3677261173725128 0.1214318722486496 0.1286737322807312
