15 0.08896773308515549 0.0408007986843586 0.17793546617031097 0.0816015973687172
15 0.05005936697125435 0.9650874733924866 0.1001187339425087 0.06982507556676865
15 0.1830994188785553 0.9137393236160278 0.3661988377571106 0.17252138257026672
15 0.06195230409502983 0.7911709547042847 0.12390460819005966 0.3910524845123291
15 0.6791344285011292 0.4593643546104431 0.5611032247543335 0.4528496265411377
15 0.32690179347991943 0.2932553291320801 0.4933331608772278 0.3631061315536499
15 0.6571072340011597 0.6599403023719788 0.5185950994491577 0.38351860642433167
15 0.5136988162994385 0.7897332310676575 0.5814135074615479 0.42053353786468506
16 0.24845945835113525 0.580055832862854 0.4969189167022705 0.3910524845123291
16 0.9189960360527039 0.5330044031143188 0.16200794279575348 0.30872899293899536
16 0.9211112260818481 0.6261274814605713 0.15777753293514252 0.30728772282600403
16 0.9040448665618896 0.7372501492500305 0.19191023707389832 0.1963307410478592
16 0.8100306391716003 0.6633392572402954 0.21258525550365448 0.15711455047130585
16 0.7205115556716919 0.5763435363769531 0.18329715728759766 0.14804799854755402
17 0.8578016757965088 0.514676570892334 0.195460245013237 0.15815049409866333
17 0.735629141330719 0.8847575783729553 0.1578073650598526 0.11720754951238632
17 0.4258483946323395 0.593331515789032 0.1829839050769806 0.13392426073551178
