15 0.203125 0.39219599962234497 0.12251998484134674 0.39021196961402893
15 0.29104700684547424 0.40889599919319153 0.10639899969100952 0.38723498582839966
15 0.3359380066394806 0.35548898577690125 0.07266896963119507 0.28902095556259155
15 0.41158199310302734 0.3697090148925781 0.08804601430892944 0.3220900297164917
15 0.467881977558136 0.35929203033447266 0.0696919858455658 0.3072090446949005
15 0.5411710143089294 0.33664000034332275 0.06894803047180176 0.26454997062683105
15 0.6207839846611023 0.3420970141887665 0.06150805950164795 0.27083295583724976
15 0.6876239776611328 0.3404429852962494 0.06721198558807373 0.24636201560497284
15 0.7712050080299377 0.3612760007381439 0.0776289701461792 0.25826698541641235
15 0.877232015132904 0.3874010145664215 0.10069406032562256 0.3019179701805115
16 0.19283199310302734 0.2754630148410797 0.07118099927902222 0.13756601512432098
16 0.2843500077724457 0.2886900007724762 0.05778801441192627 0.14285701513290405
16 0.3276289999485016 0.26686498522758484 0.043155014514923096 0.11838598549365997
16 0.359127014875412 0.25992101430892944 0.04414701461791992 0.13029098510742188
16 0.4103420078754425 0.26851901412010193 0.04241102933883667 0.12566101551055908
16 0.4694939851760864 0.26091301441192627 0.0471230149269104 0.12169301509857178
16 0.5435270071029663 0.25942501425743103 0.038442015647888184 0.10747401416301727
16 0.625495970249176 0.25132301449775696 0.03769803047180176 0.08531701564788818
16 0.6987850069999695 0.2731480002403259 0.03695404529571533 0.09920598566532135
16 0.7859619855880737 0.27910101413726807 0.04017901420593262 0.09589898586273193
16 0.9004219770431519 0.30026501417160034 0.0463789701461792 0.11507898569107056
16 0.8855410218238831 0.5570440292358398 0.06969201564788818 0.07374298572540283
16 0.9007940292358398 0.604000985622406 0.06001996994018555 0.06712996959686279
16 0.8916170001029968 0.6461640000343323 0.07986104488372803 0.10449695587158203
16 0.29947900772094727 0.7681879997253418 0.11036700010299683 0.19510602951049805
16 0.289559006690979 0.6701390147209167 0.09201401472091675 0.15443098545074463
15 0.7668650150299072 0.6130949854850769 0.3407740592956543 0.21560800075531006
15 0.17435500025749207 0.712797999382019 0.34821397066116333 0.30191802978515625
16 0.4567210078239441 0.7784389853477478 0.1014380156993866 0.15806901454925537
17 0.4716019630432129 0.6450070142745972 0.06572398543357849 0.07704997062683105
17 0.5007439851760864 0.5481150150299072 0.04861101508140564 0.07043695449829102
17 0.5338540077209473 0.597553014755249 0.05282700061798096 0.08399498462677002
