15 0.1767529845237732 0.4728420376777649 0.20535695552825928 0.28050604462623596
15 0.37086600065231323 0.4253470003604889 0.17691802978515625 0.2524799704551697
15 0.6583989858627319 0.41679099202156067 0.31481504440307617 0.17683500051498413
15 0.7541339993476868 0.31101199984550476 0.31911396980285645 0.18551599979400635
15 0.7625659704208374 0.6361610293388367 0.39682501554489136 0.09375
15 0.8402780294418335 0.3552829921245575 0.30753999948501587 0.21155798435211182
15 0.2443779706954956 0.5438989996910095 0.15410101413726807 0.24156701564788818
16 0.1408730149269104 0.5612599849700928 0.09060800075531006 0.08184504508972168
16 0.2716599702835083 0.4642859995365143 0.07638895511627197 0.09275799989700317
16 0.3199399709701538 0.3515619933605194 0.08631002902984619 0.10689502954483032
16 0.7412370443344116 0.47879499197006226 0.16964298486709595 0.05927598476409912
16 0.9358470439910889 0.31051599979400635 0.12235397100448608 0.0982140302658081
16 0.8978170156478882 0.6253719925880432 0.11243396997451782 0.07663702964782715
15 0.7655419707298279 0.31758400797843933 0.29629600048065186 0.20907700061798096
17 0.7194110155105591 0.15042200684547424 0.08630996942520142 0.05828399211168289
17 0.5836640000343323 0.12189999222755432 0.09920597076416016 0.08308499306440353
17 0.49520498514175415 0.21391400694847107 0.10945796966552734 0.07118099927902222
17 0.42476898431777954 0.32192501425743103 0.08366405963897705 0.0625
17 0.7906749844551086 0.5515869855880737 0.09060800075531006 0.06051599979400635
17 0.30836600065231323 0.6232640147209167 0.08895504474639893 0.08283698558807373
17 0.2875329852104187 0.7316470146179199 0.08498704433441162 0.07341301441192627
17 0.4312170147895813 0.7116820216178894 0.10780394077301025 0.06770801544189453
17 0.41617101430892944 0.8329610228538513 0.11805593967437744 0.07961297035217285
17 0.5648150444030762 0.8210570216178894 0.09920603036880493 0.07118093967437744
