15 0.4563490152359009 0.5218250155448914 0.34523797035217285 0.23611101508140564
15 0.46511197090148926 0.78125 0.14384901523590088 0.289186954498291
15 0.7324739694595337 0.5504710078239441 0.11243396997451782 0.29985103011131287
15 0.17890197038650513 0.56113600730896 0.19576704502105713 0.27604198455810547
15 0.6145830154418945 0.398934006690979 0.16964298486709595 0.2705850303173065
15 0.8819440007209778 0.6437249779701233 0.23545002937316895 0.19717299938201904
17 0.9092260003089905 0.2889379858970642 0.10350501537322998 0.06993997097015381
17 0.6081349849700928 0.1871280074119568 0.10185199975967407 0.07762899994850159
17 0.4348539710044861 0.23611100018024445 0.10912704467773438 0.07638898491859436
17 0.054233014583587646 0.3159720003604889 0.10846602916717529 0.08531701564788818
17 0.5405089855194092 0.327877014875412 0.09623003005981445 0.0744050145149231
17 0.9646160006523132 0.445809006690979 0.07010602951049805 0.06919598579406738
17 0.6253310441970825 0.7607889771461487 0.11044996976852417 0.08407700061798096
16 0.6569110155105591 0.30245500802993774 0.09358501434326172 0.0667160153388977
16 0.8411039710044861 0.8669390082359314 0.10482800006866455 0.11979198455810547
16 0.4636240005493164 0.8949649930000305 0.1296299695968628 0.08953404426574707
16 0.3407739996910095 0.6598460078239441 0.07043695449829102 0.10243093967437744
16 0.23644202947616577 0.665427029132843 0.08333301544189453 0.07440495491027832
16 0.5720900297164917 0.44704899191856384 0.09920603036880493 0.07762902975082397
