15 0.4384920001029968 0.8453620076179504 0.3379629850387573 0.11433500051498413
15 0.31051599979400635 0.7265620231628418 0.3035709857940674 0.12723201513290405
15 0.18435823917388916 0.6355409622192383 0.3687164783477783 0.09598201513290405
15 0.1289682388305664 0.5675840377807617 0.2579364776611328 0.07217299938201904
15 0.13541698455810547 0.49317997694015503 0.27083301544189453 0.06572401523590088
15 0.7519840002059937 0.6803080439567566 0.28902101516723633 0.18997998535633087
15 0.8503639698028564 0.5358380079269409 0.2787700295448303 0.0820930004119873
15 0.628307044506073 0.5195930004119873 0.28306901454925537 0.18551599979400635
15 0.8898810148239136 0.41071397066116333 0.21428602933883667 0.09275805950164795
15 0.7749670147895813 0.3007190227508545 0.3521829843521118 0.08407700061798096
15 0.554893970489502 0.2269350290298462 0.3697090148925781 0.15426599979400635
16 0.32341301441192627 0.8695440292358398 0.09656095504760742 0.06349200010299683
16 0.1812170147895813 0.7632690072059631 0.09060800075531006 0.058283984661102295
16 0.05820101499557495 0.6656750440597534 0.06613802909851074 0.050594985485076904
16 0.023975014686584473 0.59238600730896 0.047950029373168945 0.05282700061798096
16 0.8756610155105591 0.6123510003089905 0.08201098442077637 0.06051599979400635
16 0.7410709857940674 0.4495289921760559 0.0806879997253418 0.06026804447174072
16 0.9036039710044861 0.29055100679397583 0.10350501537322998 0.07018804550170898
17 0.7144509553909302 0.39285701513290405 0.07903403043746948 0.06150805950164795
17 0.5542330145835876 0.4231150150299072 0.09193098545074463 0.07242095470428467
17 0.4249340295791626 0.4387400150299072 0.07473504543304443 0.0669640302658081
17 0.3845900297164917 0.5368300080299377 0.08333301544189453 0.07118099927902222
17 0.2551259994506836 0.5471229553222656 0.0836639404296875 0.0744050145149231
17 0.26223498582839966 0.43613600730895996 0.10912704467773438 0.06572401523590088
17 0.24801599979400635 0.3244050145149231 0.10912704467773438 0.08631002902984619
17 0.4148480296134949 0.3356890082359314 0.11210298538208008 0.09598195552825928
17 0.5750659704208374 0.31101202964782715 0.10185199975967407 0.06993997097015381
16 0.6455029845237732 0.1793149709701538 0.13095200061798096 0.0615079402923584
